0.2503 1.7501 0 
0.0351 3.5227 1 
2.8157 4.4459 0 
1.6619 4.5712 0 
3.0403 4.8526 0 
5.0273 6.4950 0 
4.7732 6.5048 0 
5.3241 6.7392 0 
3.7050 7.0427 1 
3.7655 7.4244 1 
6.2445 7.9540 0 
3.9752 8.1224 1 
7.0245 8.4947 0 
7.3125 8.7620 0 
8.2093 9.7260 0 
8.1002 9.9170 0 
9.4633 10.9075 0 
10.6747 12.1503 0 
8.3456 12.2397 1 
10.0669 12.7865 0 
11.9672 13.3940 0 
10.2951 13.5809 0 
10.6146 13.9082 1 
13.8652 15.3705 0 
15.7225 17.5869 0 
15.9789 18.0075 0 
16.4062 18.2425 0 
16.8945 18.5425 0 
18.3676 19.7910 0 
18.8836 20.4307 0 
18.9786 20.4846 0 
21.2328 22.8429 0 
18.5787 22.9117 1 
20.9870 23.1343 0 
22.3127 23.7494 0 
22.8609 24.4016 0 
24.5405 26.5161 0 
25.3364 27.1447 0 
22.4135 27.2094 1 
25.3314 27.2318 0 
27.1860 28.8857 0 
27.5838 29.0663 0 
25.2856 29.6785 1 
27.2636 29.8767 0 
28.3183 29.9716 0 
29.2512 30.8778 0 
29.5889 31.7937 0 
30.3748 31.9093 0 
30.1043 32.2581 0 
30.7759 32.4024 0 
31.3408 32.8835 0 
31.6437 33.3092 0 
31.6981 33.3842 0 
30.6462 33.9025 1 
32.5709 34.8210 0 
34.2155 36.8128 0 
35.0370 37.9063 0 
36.9024 38.3107 0 
36.8746 38.8775 0 
37.5244 39.3071 0 
37.5840 39.4080 0 
36.9158 40.1451 1 
32.0796 40.7049 1 
39.4387 41.3841 0 
40.0804 41.4886 0 
40.6189 42.8996 0 
41.0862 42.9153 0 
37.1356 44.2484 r0 
40.9035 44.6282 1 
43.8614 45.3159 0 
42.0525 45.3257 0 
41.9883 46.1337 1 
45.8003 47.4299 0 
44.6936 48.3033 1 
46.2264 48.3095 0 
47.3035 48.7117 0 
47.3589 49.0505 0 
47.2764 49.1127 0 
48.6256 50.0920 0 
48.2077 50.2340 0 
49.7211 51.4871 0 
47.4994 51.6438 1 
47.0704 51.6952 1 
50.4005 51.8994 0 
51.8533 53.5178 0 
50.4449 53.5429 0 
52.8457 54.4563 0 
52.6806 54.6845 0 
53.1560 55.1598 0 
51.9873 55.3619 1 
53.9460 55.3867 0 
48.6604 55.7263 r0 
54.4838 56.5998 0 
53.6044 56.8264 1 
55.2424 56.9103 0 
55.9394 57.3939 0 
57.2726 58.7992 0 
57.1883 59.1157 0 
54.7459 59.3459 1 
52.3887 59.6231 r0 
60.0967 61.6624 0 
63.0093 64.8316 0 
61.6245 65.2782 1 
65.8827 67.9976 0 
65.7937 68.1977 0 
66.9751 68.3932 0 
65.3449 68.5989 1 
63.3384 68.7980 1 
61.7911 68.8606 r0 
66.1988 69.4663 0 
69.3605 70.8035 0 
70.0356 71.9280 0 
70.4557 72.1450 0 
69.9634 72.3342 0 
67.4551 72.4130 1 
65.9047 72.7698 1 
71.0568 72.9837 0 
70.2608 73.1994 0 
71.5171 73.5663 0 
71.7197 73.7943 0 
71.6957 74.3087 0 
72.4479 74.6298 0 
72.7238 74.7058 0 
74.1480 77.4397 1 
75.5425 78.8789 1 
77.7477 79.2190 0 
77.5994 79.3297 0 
77.8437 79.5797 0 
78.1078 80.1097 0 
79.3143 80.7649 0 
77.4407 82.2583 1 
80.8900 82.7641 0 
81.3129 83.8920 0 
82.6310 84.9304 0 
81.8247 85.0470 0 
83.5364 85.2352 0 
82.2041 85.5548 1 
84.2000 86.4585 0 
83.7694 87.0254 1 
86.4860 88.1135 0 
86.4237 88.4451 0 
86.8203 88.6891 0 
88.4885 90.0054 0 
87.6882 90.2491 0 
90.7782 92.3076 0 
96.1491 97.8871 0 
96.6379 98.4350 0 
97.4297 99.0803 0 
96.6496 100.0898 1 
98.2572 100.8204 0 
99.7175 103.1768 1 
101.5977 103.3548 0 
99.7966 103.8603 1 
104.4676 106.1349 0 
101.7664 106.7268 1 
104.2598 107.0160 0 
105.2510 107.1443 0 
105.5056 107.2595 0 
108.3048 110.2857 0 
109.0161 110.5612 0 
109.9648 111.6747 0 
110.3840 112.4475 0 
111.4508 113.0680 0 
111.4474 113.2506 0 
112.1673 114.0046 0 
113.0991 114.6123 0 
113.4819 114.9239 0 
113.1290 115.4196 0 
114.3091 116.5551 0 
114.9694 116.8295 0 
114.5344 118.2434 1 
117.9678 119.4259 0 
116.2563 119.6211 1 
117.9378 119.9804 0 
118.8109 120.2753 0 
119.8723 121.3120 0 
119.8836 121.4707 0 
119.7459 121.8272 0 
117.9736 122.7942 1 
123.1964 125.1608 0 
122.2436 126.8517 1 
125.7588 127.3656 0 
126.2746 127.8016 0 
124.7551 128.5095 1 
125.2085 128.5896 1 
127.0140 128.7218 0 
131.5654 133.6520 0 
132.2867 133.9690 0 
131.6373 134.2139 0 
133.1543 134.8310 0 
132.8434 134.9564 0 
130.6898 135.2608 1 
133.7866 135.4849 0 
133.8620 135.5961 0 
134.7688 136.1772 0 
132.7556 136.4696 1 
133.1783 137.7114 1 
136.9547 138.3593 0 
133.7491 139.0515 1 
139.8633 141.3776 0 
135.6881 141.4674 1 
140.5426 142.1664 0 
140.6050 142.2995 0 
141.6179 143.0230 0 
142.0438 144.0475 0 
142.6997 144.4348 0 
145.1133 147.1700 0 
144.7484 147.2729 0 
146.2017 148.1156 0 
146.3122 148.2314 0 
145.7972 149.3967 1 
146.4619 150.0282 1 
148.6989 150.1080 0 
148.5561 150.1540 0 
148.6828 150.4115 0 
147.9724 152.1860 1 
151.5418 153.2231 0 
151.9219 153.5108 0 
152.5507 154.0210 0 
152.7434 154.2018 0 
152.7329 154.8151 0 
153.7184 155.6224 0 
155.2094 157.3239 0 
156.2063 157.9949 0 
158.3368 159.7628 0 
158.3176 160.0184 0 
159.2954 161.1432 0 
159.7341 161.9927 0 
160.5857 162.4209 0 
161.1911 162.6800 0 
160.2155 163.3022 0 
161.7476 163.6048 0 
163.8503 165.2913 0 
164.3391 165.7586 0 
162.7081 166.5913 1 
165.4983 167.0029 0 
165.5961 167.0782 0 
166.9085 170.1377 1 
166.4709 170.4822 1 
168.5322 171.6719 0 
170.9611 172.8946 0 
172.4033 173.9103 0 
172.6416 174.5409 0 
174.0134 175.5024 0 
173.0197 175.5265 0 
175.1579 176.5748 0 
175.1694 177.9406 0 
176.3977 178.1086 0 
174.8681 178.2320 1 
175.1990 179.1926 1 
177.6944 179.6494 0 
177.7982 179.7199 0 
178.2108 179.7694 0 
180.4562 181.8568 0 
181.0031 182.7183 0 
181.5507 183.1070 0 
180.5420 183.8227 1 
182.2596 184.5699 0 
182.6909 184.9346 0 
177.9793 185.2884 r0 
184.5816 186.1927 0 
184.6195 186.2025 0 
184.8049 186.3463 0 
184.6304 186.7739 0 
185.3063 186.8599 0 
184.1362 187.5181 1 
186.2945 187.8767 0 
186.2175 187.9717 0 
186.5477 188.0968 0 
187.6407 189.2941 0 
188.8007 190.2460 0 
191.3358 192.9272 0 
192.3373 193.9209 0 
187.1743 194.1835 r0 
192.2724 195.5982 0 
197.0190 198.4366 0 
196.8823 198.4423 0 
194.8555 198.5442 1 
197.8234 199.4231 0 
197.4416 200.9782 1 
199.3064 200.9788 0 
199.2622 202.8555 1 
201.2219 203.8924 0 
203.3874 204.9507 0 
203.5433 204.9521 0 
202.8709 206.1279 1 
205.0073 206.6309 0 
205.3255 206.7603 0 
204.3983 207.3430 0 
201.6234 207.5072 1 
206.2033 207.6894 0 
205.0601 209.1425 1 
207.1477 209.6533 0 
208.8680 210.2909 0 
207.8889 211.2838 1 
208.3826 211.4003 0 
209.2837 212.4920 1 
208.5289 212.8758 1 
211.4029 213.3945 0 
211.3578 213.7158 0 
212.8750 214.5158 0 
213.4090 215.1087 0 
211.4508 215.1966 1 
215.3414 216.9791 0 
215.3583 217.0116 0 
213.3232 217.5830 1 
216.8072 218.4158 0 
218.1722 220.4541 0 
219.3931 220.8821 0 
219.8450 221.4274 0 
217.6752 221.8682 1 
218.7065 222.0005 1 
220.7058 222.3799 0 
220.6966 222.6575 0 
215.8118 223.1104 1 
221.7170 223.1631 0 
221.5066 223.6669 0 
222.7511 224.7889 0 
223.2772 224.8469 0 
224.5422 229.3197 1 
228.1750 229.6984 0 
228.1612 229.8407 0 
229.1905 230.6890 0 
227.3203 231.3219 1 
230.0185 231.6070 0 
230.0687 231.8413 0 
229.4257 231.8509 0 
230.8401 232.8699 0 
231.7028 233.2064 0 
233.0616 234.5072 0 
233.6660 235.1525 0 
235.2499 236.9325 0 
235.5630 237.1297 0 
237.0169 239.0661 0 
237.0904 239.6542 0 
236.2226 239.8036 1 
237.2887 240.6514 1 
240.3183 241.8761 0 
234.5089 242.3375 1 
241.4879 242.9574 0 
242.4370 243.8531 0 
243.1079 245.5448 0 
242.7735 246.2237 1 
244.8060 246.2751 0 
243.4777 246.9751 1 
245.7576 247.1776 0 
246.2842 247.7263 0 
245.8674 248.1027 0 
246.9737 248.4565 0 
249.5556 251.3555 0 
250.4286 252.1637 0 
251.1796 252.7907 0 
249.0282 253.2631 1 
251.5983 253.3609 0 
252.4710 254.0449 0 
254.1899 255.6377 0 
254.8273 256.3556 0 
252.9382 256.4702 1 
254.3302 256.6217 0 
256.6074 258.0846 0 
256.2030 258.1642 0 
258.1637 260.1700 0 
258.9581 260.4353 0 
259.0511 260.6567 0 
259.1587 261.5255 0 
260.1933 261.7186 0 
260.1414 261.9744 0 
260.4340 262.3119 0 
263.7102 265.4891 0 
264.2942 265.9106 0 
264.2139 265.9608 0 
264.8709 266.3330 0 
264.9464 267.6186 0 
265.0159 267.8818 0 
266.4459 268.5868 0 
267.2809 268.8714 0 
265.9256 269.6871 1 
268.2793 269.7108 0 
268.7255 270.4117 0 
269.8061 271.6124 0 
270.0638 271.6709 0 
271.5479 272.9865 0 
272.2177 273.8370 0 
270.0602 274.1336 1 
272.7263 274.6291 0 
273.5096 274.9311 0 
273.8517 275.3291 0 
275.9211 277.4091 0 
276.3813 277.8785 0 
276.9738 278.6815 0 
277.7799 279.2517 0 
278.6958 280.1595 0 
279.3569 280.8533 0 
280.3961 281.9443 0 
282.0266 283.4879 0 
280.0726 283.5100 0 
280.4899 283.9222 1 
283.2365 287.8796 1 
281.7548 288.9957 1 
288.7755 290.2325 0 
288.6154 290.8873 0 
289.4278 291.0287 0 
290.9436 293.4993 0 
285.4950 294.5096 1 
286.9744 294.5671 1 
294.6226 296.1626 0 
295.6154 297.0366 0 
295.9482 297.3774 0 
296.7137 298.6669 0 
296.2359 298.6825 0 
297.9162 299.3960 0 
297.8154 299.6326 0 
298.4005 300.1227 0 
298.7241 300.1422 0 
300.5322 301.9635 0 
299.2110 302.3903 0 
300.9995 303.0502 0 
301.9662 303.4029 0 
301.6890 303.8395 0 
301.7084 304.9577 1 
303.2090 305.3154 0 
304.1006 305.7965 0 
303.1394 306.7606 1 
305.6199 307.7338 0 
307.1008 309.1473 0 
306.5425 309.2181 0 
308.4531 309.8573 0 
308.7449 310.7815 0 
309.0367 312.0135 0 
310.2241 314.3579 1 
312.8147 314.4143 0 
313.0297 314.4540 0 
313.2114 314.7746 0 
314.0910 315.9789 0 
315.6297 317.0555 0 
316.5554 318.6325 0 
317.0914 318.8684 0 
317.5696 321.0886 1 
319.5452 322.7721 1 
320.9414 323.4567 0 
320.9988 323.7661 0 
319.8858 324.3386 1 
323.1721 324.9095 0 
323.5414 325.1880 0 
323.6088 325.4733 0 
327.1670 330.1687 0 
328.7601 330.1763 0 
327.6169 330.8898 1 
329.7046 331.2640 0 
331.7010 333.6851 0 
332.6805 334.4213 0 
332.1098 335.4933 1 
334.2058 336.1102 0 
334.7135 336.1236 0 
335.5324 336.9815 0 
336.1360 337.5597 0 
335.0880 338.4767 1 
337.6799 339.3978 0 
338.2124 339.6172 0 
337.9367 340.2476 0 
339.6708 341.3481 0 
340.1254 341.6460 0 
338.3835 341.9745 1 
338.7568 342.3563 1 
340.7542 343.2264 0 
341.9217 343.4315 0 
341.3510 343.4637 0 
341.5103 345.1994 1 
343.2202 345.3041 0 
344.6556 346.1229 0 
345.1634 346.5912 0 
342.5686 346.8872 1 
345.5056 347.4964 0 
344.9604 347.5592 0 
346.2021 347.7122 0 
346.2066 347.8122 0 
346.5378 348.0125 0 
344.5366 348.4193 1 
346.5696 349.1159 0 
347.6178 349.4476 0 
346.6182 349.4561 0 
345.5194 350.1403 1 
342.5566 350.3193 1 
349.9582 353.6577 1 
353.6275 355.1521 0 
353.8308 355.5178 0 
352.1515 355.6359 1 
354.3734 356.0693 0 
355.6177 357.1937 0 
346.8407 357.3255 1 
355.7576 357.4605 0 
356.0021 357.8344 0 
352.2603 358.2087 1 
353.7190 359.0796 1 
356.1926 359.6830 0 
355.5865 360.6651 1 
359.4099 360.8279 0 
357.8476 361.1021 0 
360.0152 361.6647 0 
359.9432 361.6947 0 
360.4426 362.1549 0 
360.7419 362.2651 0 
361.4047 362.9031 0 
362.6926 364.4955 0 
363.1349 364.6111 0 
362.9071 365.2809 0 
362.8046 366.2519 1 
364.4958 366.6015 0 
364.5253 366.9730 0 
364.1526 367.1239 0 
365.0824 367.7810 0 
366.0140 368.3939 0 
365.4755 368.7679 0 
362.4658 370.0201 r0 
368.2548 370.2092 0 
364.0963 371.3043 r0 
369.1975 371.3738 0 
370.0826 371.5196 0 
369.2431 372.2415 0 
372.3786 374.6713 0 
373.3269 374.8097 0 
373.2271 374.9998 0 
374.8709 376.3706 0 
370.8183 376.7390 1 
371.5375 376.9420 1 
373.5666 377.2887 1 
376.1303 378.8354 0 
377.8384 379.4113 0 
379.6805 381.6637 0 
379.8235 381.9649 0 
374.9737 382.1319 1 
377.6345 382.1978 1 
380.6089 382.2356 0 
381.9410 383.6057 0 
382.7148 384.3733 0 
383.7361 385.3865 0 
382.7876 385.9413 0 
384.6559 386.7461 0 
385.6828 387.6897 0 
385.1028 387.8479 0 
384.8789 388.6429 1 
387.7806 389.2442 0 
387.5282 389.2765 0 
387.2631 389.9132 0 
388.1551 390.0746 0 
389.0690 390.7010 0 
389.5956 391.3218 0 
387.5264 391.3439 1 
390.1352 391.5574 0 
389.5109 391.7399 0 
388.2508 392.6620 1 
391.0947 393.4812 0 
392.5687 394.5516 0 
393.1936 394.9190 0 
393.9348 395.4485 0 
394.3723 395.9099 0 
392.7295 396.0941 1 
394.3796 396.5175 0 
393.0173 396.6938 1 
391.6043 397.0395 1 
395.8781 397.9278 0 
396.5556 397.9585 0 
399.0527 400.4877 0 
399.3048 401.3057 0 
399.6424 401.6444 0 
398.8225 401.8097 0 
400.4205 401.8877 0 
400.4928 402.1635 0 
401.8041 403.4555 0 
401.9768 403.5670 0 
401.8829 405.1583 1 
404.5334 406.0057 0 
404.9694 406.4876 0 
406.5047 407.9899 0 
406.5960 408.2700 0 
406.0459 409.4157 1 
408.4148 409.9761 0 
408.9869 410.5843 0 
407.5815 411.6586 1 
409.9273 412.1677 0 
410.6932 412.3151 0 
409.4653 412.3670 0 
410.9915 412.9929 0 
412.3712 414.0548 0 
413.6816 415.7816 0 
414.7698 416.2896 0 
415.7876 417.2485 0 
409.6252 418.0230 1 
415.7131 418.0927 0 
414.5125 418.1180 1 
415.7378 419.3397 1 
417.9914 419.5353 0 
418.0791 421.8030 1 
420.3927 421.8294 0 
420.5724 422.4694 0 
416.7992 422.7943 1 
421.5460 422.9516 0 
421.6451 423.2635 0 
418.9269 423.3087 1 
421.8106 423.5795 0 
422.1782 423.9232 0 
422.7429 424.7202 0 
423.2105 424.8412 0 
423.2131 425.1023 0 
423.7831 426.2951 0 
423.7136 426.3183 0 
424.9315 426.4186 0 
424.6420 426.4860 0 
426.1011 427.5935 0 
427.3772 429.3793 0 
427.4627 429.4751 0 
430.0215 431.5976 0 
429.9577 432.0686 0 
431.5975 433.2690 0 
430.9252 433.3006 0 
432.2252 433.7652 0 
431.5035 434.3533 0 
432.1982 434.4069 0 
431.4090 435.0085 1 
433.7875 435.5846 0 
434.7995 436.3869 0 
435.3539 437.2068 0 
436.2041 437.7866 0 
436.1535 438.1177 0 
436.7367 438.3787 0 
437.1767 438.5827 0 
437.3086 439.1313 0 
440.9437 442.7669 0 
442.4589 443.9354 0 
440.4937 444.1312 1 
442.5029 444.1669 0 
442.7953 444.2427 0 
443.3293 444.7842 0 
442.7042 446.0816 1 
444.9329 446.9625 0 
444.2337 449.5863 1 
448.6549 450.2847 0 
448.8752 450.6900 0 
449.1384 450.8750 0 
449.1716 450.9018 0 
448.7365 451.6061 0 
453.0209 456.3607 0 
454.7805 456.8851 0 
454.4619 457.0048 0 
454.7348 457.2049 0 
457.3568 458.9292 0 
455.6883 459.8165 1 
458.8041 460.2114 0 
459.4229 461.6723 0 
460.7750 462.8174 0 
461.5073 463.2088 0 
461.5724 463.2763 0 
462.6039 465.8682 1 
464.6963 466.3358 0 
465.3870 466.8822 0 
465.1912 468.7506 1 
468.3704 470.2386 0 
468.1286 470.2393 0 
468.9729 470.4249 0 
471.5622 473.0067 0 
470.3864 474.5246 1 
471.0983 475.0707 1 
473.7510 475.5252 0 
474.9464 477.3799 0 
474.5068 477.7383 1 
476.7477 478.3209 0 
477.1836 479.2587 0 
477.4993 479.6323 0 
476.4672 479.9218 1 
478.7713 480.3138 0 
477.9584 480.7672 0 
480.4499 481.8927 0 
480.5528 482.2163 0 
480.4905 483.2508 0 
482.2305 483.6418 0 
482.1553 483.7525 0 
483.0421 484.4590 0 
482.4465 485.2274 0 
484.7098 486.2346 0 
484.2459 486.6821 0 
485.4314 487.9383 0 
484.6538 487.9551 1 
485.9971 488.3666 0 
486.8996 488.5745 0 
490.3479 492.3761 0 
493.5184 495.2213 0 
491.6580 495.8817 1 
494.4103 496.6309 0 
489.9410 497.1633 r0 
495.2898 497.2642 0 
494.1260 497.3493 0 
477.1148 497.6775 1 
493.8844 499.3862 1 
498.2669 499.7169 0 
498.4749 502.3925 1 
