0.5424 2.9623 0 
2.6988 5.0566 0 
2.8619 5.7217 0 
4.2008 6.6188 0 
5.2626 7.2378 0 
4.5663 7.9831 0 
1.6753 8.2619 r0 
5.5069 8.4038 0 
5.4483 8.4403 0 
6.7210 9.0247 0 
7.6412 9.5473 0 
3.2760 10.1670 r0 
4.2572 10.9545 r0 
9.4707 11.3779 0 
11.2989 13.4258 0 
11.4229 13.4261 0 
11.1312 14.0531 0 
9.5027 14.7526 1 
12.0274 15.0170 0 
12.8218 15.3959 0 
12.7195 15.6659 0 
14.5036 16.6828 0 
14.9809 17.0326 0 
15.9789 17.9714 0 
15.5233 18.5007 0 
12.5326 18.9928 r0 
12.3496 19.1241 r0 
18.8414 20.8256 0 
18.0651 21.1590 1 
19.1085 21.4995 0 
20.4919 23.0543 0 
20.5951 23.0773 0 
21.8548 23.8386 0 
18.0891 24.7550 r0 
22.6772 24.8231 0 
22.8873 24.8269 0 
22.6231 24.8930 0 
18.8838 25.3500 r0 
22.8704 25.8950 1 
23.9779 26.1242 0 
24.4834 27.0452 0 
24.9488 27.6931 0 
25.8043 28.1316 0 
26.1166 28.1637 0 
26.0081 28.2487 0 
26.1518 29.1156 0 
26.0043 29.5226 1 
26.6040 30.3363 0 
25.9050 30.4781 1 
28.7063 30.6670 0 
27.2788 30.8085 1 
24.4003 30.9575 r0 
29.2965 32.5541 1 
30.3293 32.6977 0 
29.8611 32.8917 0 
31.8162 33.8132 0 
33.6418 36.0398 0 
34.3221 36.6316 0 
34.2278 36.6428 0 
34.7214 36.9751 0 
30.6270 37.0337 r0 
35.7754 37.9476 0 
36.4299 38.5480 0 
35.4361 38.6142 0 
37.0274 39.6087 0 
37.7167 39.8540 0 
37.4301 40.2166 0 
38.4303 40.4844 0 
37.9229 41.0784 0 
39.7686 41.8821 0 
39.7126 41.9910 0 
35.3679 42.0851 r0 
39.8052 42.4945 0 
40.6148 44.0319 0 
41.8809 44.0414 0 
41.3846 44.4288 0 
42.0139 44.8935 0 
42.0603 45.6418 0 
42.2847 45.9691 0 
42.1490 46.4564 0 
42.2899 46.6707 0 
39.7086 46.8029 r0 
40.1042 46.9626 r0 
43.9351 47.1040 1 
42.6058 47.1706 0 
43.7743 47.1805 1 
44.3026 47.8254 0 
43.2941 48.0707 0 
44.7074 49.0849 0 
44.7135 49.1475 0 
44.4732 49.3742 0 
45.0653 49.9005 0 
44.3756 49.9871 1 
47.5000 50.4390 1 
41.9009 50.4677 r0 
45.5401 50.8087 0 
48.1623 51.3234 0 
46.3665 51.5511 0 
48.4353 51.9022 0 
46.6824 52.0426 0 
44.4195 53.1495 r0 
49.2364 53.5166 0 
48.7948 54.0075 0 
49.3904 54.0137 0 
51.1111 54.0274 1 
51.4481 54.0756 0 
51.6322 54.6515 0 
52.2558 54.7690 0 
54.1020 56.0092 0 
48.3744 56.0353 r0 
52.7319 56.0733 0 
53.3515 56.3470 0 
54.9719 58.9339 1 
53.7049 60.6340 r0 
56.8724 60.7636 1 
58.8429 61.7488 0 
60.1423 62.1086 0 
59.5585 62.5177 0 
60.6739 62.6836 0 
59.7451 62.9365 0 
61.7214 64.1253 0 
63.9336 65.9657 0 
65.0533 67.1131 0 
64.9555 68.2444 1 
61.1023 68.3227 r0 
68.4765 71.5868 1 
69.5849 71.6581 0 
69.9171 72.0104 0 
70.7164 73.0027 0 
71.2954 74.0199 0 
71.9165 74.2469 0 
71.9358 75.3337 0 
67.9858 75.6588 r0 
72.9726 76.0498 0 
73.5874 76.3717 0 
73.4202 76.8637 0 
70.0717 76.9396 r0 
74.4840 77.1757 0 
71.0456 78.2258 r0 
76.3506 78.3916 0 
75.8468 78.6613 0 
75.2642 78.7802 1 
71.5166 79.2038 r0 
77.5863 79.7484 0 
77.6716 80.2943 0 
76.2129 80.5288 1 
79.1871 81.2583 0 
79.5312 81.7064 0 
72.3751 82.0405 r0 
77.5946 82.5545 1 
74.8279 82.5564 r0 
80.4350 82.9035 0 
80.5934 83.4926 0 
75.0897 84.2760 r0 
83.0966 85.3603 0 
82.2998 85.4498 0 
78.1193 85.4729 r0 
84.2811 87.3491 0 
80.5226 87.8305 r0 
85.6416 87.9261 0 
86.4723 88.4128 0 
83.9257 88.6814 1 
82.4133 89.1760 r0 
87.1826 89.8847 0 
87.1740 90.0105 0 
87.1555 90.0916 0 
83.6785 90.2459 r0 
89.6045 91.5333 0 
88.9911 91.7354 0 
89.3142 91.7696 0 
86.1986 93.0474 r0 
91.1375 93.4371 0 
91.5426 93.8976 0 
91.7348 93.9902 0 
91.8387 94.5406 0 
92.8613 94.8903 0 
89.5722 95.6185 1 
94.2368 96.5027 0 
94.5129 96.9564 0 
95.0476 97.5266 0 
97.0426 99.2915 0 
97.2597 99.5988 0 
92.8598 100.3052 r0 
100.8709 102.9962 0 
100.5487 103.1839 0 
101.4138 103.6951 0 
97.3937 104.0131 r0 
102.8564 104.8607 0 
102.8511 105.5715 0 
103.1319 105.6708 0 
103.8010 106.0540 0 
103.2387 106.3363 1 
99.9435 106.9194 r0 
104.7797 106.9584 0 
105.7895 107.8918 0 
107.7815 109.9417 0 
107.8281 110.1106 0 
107.6157 110.7901 1 
108.8329 110.8043 0 
108.7184 110.8508 0 
109.5018 111.8878 0 
109.3570 112.4024 0 
110.6191 112.9247 0 
110.0659 113.0379 0 
106.1321 113.4050 r0 
106.6207 113.4325 r0 
111.6535 114.6305 0 
111.0219 114.8376 0 
112.1043 115.0575 1 
112.3447 115.0809 0 
113.0240 116.5979 0 
109.5777 116.9336 r0 
113.2216 117.0095 0 
109.4142 117.5039 r0 
115.4148 118.2709 0 
116.1115 118.5594 0 
116.2462 118.5826 0 
116.0038 119.0694 0 
112.3187 119.4068 r0 
116.6645 119.9156 0 
112.7551 120.3346 r0 
117.4583 120.3898 0 
112.9179 120.6566 r0 
117.1558 120.6660 1 
118.9564 121.0236 0 
118.6334 121.3498 0 
119.1478 122.2473 0 
118.0975 122.8631 1 
120.8199 123.1121 0 
114.8192 124.1289 r0 
122.3602 124.9883 0 
122.1443 125.1983 0 
123.4551 126.3429 0 
124.1778 127.2977 1 
126.3418 128.4549 0 
122.1767 129.1452 r0 
127.1239 129.1847 0 
127.4036 129.3184 0 
127.0614 130.4651 1 
127.8881 130.7078 0 
128.7757 130.7626 0 
124.7114 131.1812 r0 
123.5640 131.2439 r0 
131.4517 133.7961 0 
131.9904 134.2472 0 
132.2336 134.3241 0 
134.8819 136.9058 0 
134.9787 136.9866 0 
131.3750 138.2476 r0 
131.6690 138.2948 r0 
136.8079 138.8930 0 
136.9040 138.9243 0 
136.8603 139.6551 0 
137.8665 140.0498 0 
137.6548 140.2698 0 
138.6374 141.3548 0 
139.3780 141.5451 0 
134.8187 141.7869 r0 
135.3611 142.0695 r0 
140.4588 143.1647 0 
141.2302 143.2010 0 
141.6157 143.6381 0 
142.1551 144.1118 0 
142.5194 144.6973 0 
142.5810 144.8750 0 
144.6859 146.9115 0 
143.9361 147.0032 0 
144.7674 147.7842 0 
145.7483 147.9091 0 
144.9403 147.9465 0 
150.2438 152.3886 0 
150.4554 152.8714 0 
150.9433 153.0361 0 
150.6512 153.1937 0 
151.1525 154.3882 0 
151.1914 154.8336 0 
151.4950 154.8480 0 
151.9678 155.0807 0 
151.9903 155.1906 0 
148.9082 155.6997 r0 
151.8659 155.8366 0 
149.3725 156.4931 r0 
152.3489 156.8585 0 
152.5534 157.0415 0 
152.1294 157.2210 0 
152.6663 158.1500 0 
156.5891 158.7609 0 
156.8985 159.0640 0 
157.4159 160.1367 0 
158.4885 160.4808 0 
158.7379 160.7357 0 
158.8842 161.8215 1 
160.1739 162.2974 0 
152.7043 162.7472 r0 
160.3410 163.3829 0 
156.0767 163.5464 r0 
161.8142 164.5376 0 
157.4328 164.8232 r0 
163.0644 165.0052 0 
164.7532 166.8090 0 
164.1779 166.8267 0 
164.8532 167.0301 0 
160.1618 167.8178 r0 
165.6963 167.9127 0 
162.3946 169.3220 r0 
163.1967 169.6281 r0 
170.5119 172.4249 0 
170.5045 172.5734 0 
171.9355 174.0036 0 
172.9695 175.0338 0 
173.0256 175.4295 0 
173.5467 176.6479 0 
173.1872 176.9975 0 
172.0597 178.4848 r0 
170.9947 178.6449 r0 
171.8874 178.6816 r0 
177.1618 179.3064 0 
178.1322 180.5332 0 
178.1624 180.7624 0 
175.6811 181.9755 1 
174.5808 182.2309 r0 
179.8994 182.8987 1 
176.1348 183.5671 r0 
181.2634 184.1136 0 
182.3144 184.4045 0 
182.0456 184.4354 0 
182.6634 184.6487 0 
182.7361 185.1613 0 
183.1369 185.3546 0 
179.4627 186.1829 r0 
183.3540 186.2506 0 
181.6965 186.4027 1 
185.1032 187.4520 0 
185.4146 187.4957 0 
186.9685 189.2599 0 
186.7124 189.6393 0 
186.7473 190.2504 1 
188.3208 190.2858 0 
183.6286 190.9448 r0 
188.4672 191.1825 0 
183.6750 191.5862 1 
188.8633 191.6061 0 
190.3277 193.4808 1 
187.3915 193.8028 r0 
192.2287 194.1450 0 
192.6517 194.7511 0 
188.5823 195.1909 r0 
192.8891 195.3171 0 
189.5821 196.5460 r0 
195.2226 197.4139 0 
196.7468 198.7081 0 
196.5151 199.4943 0 
192.8387 199.4996 r0 
197.8574 199.9327 0 
198.0940 200.6796 0 
198.2563 200.6886 0 
194.8062 201.3485 r0 
194.3366 201.4896 r0 
200.5967 202.5860 0 
199.9456 202.6797 0 
200.7097 203.4196 0 
200.1349 203.8861 1 
201.3552 204.3187 0 
201.7524 204.8220 1 
203.0752 205.4885 0 
199.3966 206.9738 r0 
204.6972 207.4325 0 
201.1001 207.5326 r0 
205.3843 207.6497 0 
205.4046 209.9004 1 
206.7062 209.9127 0 
202.6825 209.9865 r0 
206.3456 210.8775 1 
204.3249 211.7356 r0 
209.3702 212.0554 0 
210.3397 212.7073 0 
211.1353 213.0721 0 
204.4830 213.3125 r0 
207.7185 214.0370 1 
211.5253 214.1538 0 
205.8406 214.9901 r0 
204.7100 215.0125 r0 
207.5410 216.6635 r0 
214.7716 217.3205 0 
216.4846 218.4558 0 
210.9392 218.5933 r0 
211.0311 218.6339 r0 
216.4162 219.1697 0 
217.3213 219.5545 0 
212.0968 219.6866 1 
218.2167 220.5848 0 
211.0748 220.9672 r0 
218.9121 221.4096 0 
219.5057 222.7244 1 
219.1512 222.7937 1 
214.8387 222.8094 r0 
220.7327 223.2748 0 
221.2816 223.6107 0 
221.6838 223.7088 0 
222.3197 225.3049 0 
222.3228 225.8503 1 
223.5642 225.8951 0 
223.5029 225.9831 0 
224.8877 227.0584 0 
224.1751 227.1471 0 
225.2795 227.5493 0 
221.4169 228.2015 r0 
221.7114 228.8411 r0 
225.9100 229.0061 0 
226.0722 229.0604 0 
226.3421 229.1974 0 
227.0907 229.8345 0 
223.0578 230.1321 r0 
227.2336 231.7174 0 
227.2352 231.7683 0 
229.6165 232.0862 0 
229.7028 232.6497 0 
228.9446 232.7541 1 
225.6718 233.3930 r0 
226.3071 233.5237 r0 
230.7177 234.0583 0 
232.6112 234.6686 0 
231.6681 235.2179 0 
233.5046 235.8333 0 
229.5931 236.3010 r0 
233.2630 236.6259 1 
234.4304 236.6635 0 
234.3977 236.6745 0 
229.7074 237.1759 r0 
235.3023 237.4662 0 
236.5313 238.4855 0 
236.3525 238.7670 0 
231.6458 238.8194 r0 
236.9100 239.2502 0 
238.0361 240.2248 0 
238.4496 241.1277 0 
240.8611 242.7748 0 
241.4288 243.3550 0 
236.9913 243.4616 r0 
241.3378 244.4214 0 
242.2898 244.5015 0 
237.7172 244.6387 r0 
242.0830 244.9129 0 
243.3090 245.7238 0 
244.0759 246.5926 0 
243.9000 246.7173 0 
244.4998 246.9788 0 
244.8609 247.1136 0 
245.2034 248.2523 0 
246.0199 248.7416 0 
245.3440 249.1398 0 
246.0921 249.2925 0 
247.7706 250.6083 0 
248.5477 251.1093 0 
249.0139 251.5151 0 
245.1901 251.7024 r0 
250.5078 252.7266 0 
249.2317 252.8695 1 
251.0719 253.2598 0 
246.7289 253.6611 r0 
251.8517 253.8012 0 
249.5598 256.0130 r0 
254.6151 256.5201 0 
254.7788 256.7136 0 
254.8575 257.5618 0 
256.6773 258.6248 0 
257.1691 259.3470 0 
252.3264 260.6400 1 
259.1626 261.2054 0 
259.8034 261.9178 0 
259.6319 261.9991 0 
259.0164 262.3578 1 
259.6766 262.4054 0 
260.9277 263.7644 0 
262.2541 264.1921 0 
260.4915 264.2472 0 
257.9729 264.3840 r0 
260.9734 264.8395 0 
263.0768 265.3485 0 
263.7173 265.8368 0 
258.9472 265.8415 r0 
263.9239 265.9777 0 
264.6020 266.8997 0 
264.9173 267.1479 0 
265.0264 267.8829 0 
265.6937 268.7977 0 
265.8100 269.0056 0 
266.6418 269.0111 0 
268.1919 270.9682 0 
268.5965 271.1823 0 
269.4607 271.4496 0 
268.9629 271.5048 0 
265.9812 272.6945 r0 
271.0920 273.0196 0 
272.5970 274.6250 0 
272.8549 274.8103 0 
274.0859 276.1425 0 
274.1614 276.2093 0 
274.3221 276.4997 0 
269.9306 277.2244 r0 
275.5550 277.7268 0 
274.8248 278.0939 1 
271.0288 278.3920 r0 
276.6413 278.7475 0 
276.8603 278.9977 0 
277.4504 279.8265 0 
277.5106 280.9117 1 
278.4782 282.6561 1 
279.9824 282.7376 0 
279.9246 282.9878 0 
280.9583 283.6323 0 
280.0772 284.0455 0 
281.0033 284.1590 0 
282.4069 285.0765 0 
282.1040 285.2166 0 
278.3293 285.2280 r0 
278.0357 285.6584 r0 
282.8510 285.9564 0 
278.4115 286.4130 r0 
283.0107 286.7605 0 
281.4705 287.2557 1 
284.6317 287.3001 0 
285.8363 288.3058 0 
282.6767 288.5477 1 
283.1118 289.5262 1 
279.8212 289.8900 r0 
282.6294 290.8737 r0 
289.3067 291.2689 0 
289.5176 291.6455 0 
287.0468 291.7959 1 
290.3429 292.5344 0 
283.6809 292.7303 r0 
289.7780 292.7980 0 
285.2361 293.4122 r0 
285.9212 294.6482 r0 
292.6853 294.7471 0 
288.7650 295.4184 r0 
293.4397 295.6767 0 
292.1067 296.2047 1 
293.9629 296.2056 0 
294.7720 296.7558 0 
288.9104 296.8578 r0 
295.9446 298.0169 0 
295.6478 298.4633 0 
295.8482 298.5057 0 
296.0251 298.5912 0 
294.8945 299.0897 1 
296.2377 299.5163 0 
296.2366 299.8991 0 
296.4856 300.0925 0 
297.2725 300.9584 1 
299.1912 301.1490 0 
298.0543 301.1968 1 
294.0322 301.5598 r0 
299.2742 302.0965 0 
300.1163 302.6222 0 
300.7979 302.7631 0 
299.5749 303.4320 1 
302.2119 304.4708 0 
297.4897 305.2207 r0 
303.1882 305.2279 0 
303.3905 305.3999 0 
303.4648 305.7351 0 
303.5215 305.8612 0 
303.2677 306.6980 1 
304.8542 307.0199 0 
299.7418 307.3356 r0 
304.1735 307.4792 1 
305.8952 307.8642 0 
304.2970 308.2489 1 
307.0935 309.0066 0 
306.9636 309.3099 0 
307.4226 309.6624 0 
307.5298 310.1323 0 
307.4209 310.2445 0 
304.7838 310.7275 1 
304.0312 310.9850 r0 
307.8686 311.9166 0 
308.5986 312.1578 0 
308.9470 312.2619 1 
310.1043 312.9923 0 
306.9735 313.5202 r0 
311.8475 314.1211 0 
312.2014 314.4255 0 
313.4385 315.4166 0 
307.9363 316.2589 r0 
314.2201 317.0812 0 
314.0337 317.1061 0 
315.3292 317.8020 0 
315.5038 317.8654 0 
315.5530 318.6234 0 
312.9483 319.6399 r0 
317.7353 320.4510 0 
320.8543 323.7340 0 
321.5585 323.7798 0 
321.8219 324.6140 0 
322.6764 324.7112 0 
318.5321 325.3539 r0 
319.2887 325.9143 r0 
324.4178 327.3530 0 
324.7873 327.4527 0 
326.0522 328.6882 0 
326.5505 329.7367 0 
327.5432 329.8808 0 
328.4374 330.7712 0 
329.1865 331.5027 0 
329.1471 331.9798 0 
329.5960 331.9947 0 
330.0302 332.8266 0 
326.1026 333.3337 r0 
329.5561 333.5467 1 
330.6837 334.0766 0 
332.4586 334.9547 0 
332.7865 335.1625 0 
328.6275 335.2100 r0 
333.5019 335.5511 0 
333.7250 336.1571 0 
334.0058 337.3483 1 
334.5010 337.5560 1 
330.5531 337.6858 r0 
335.0794 339.0146 1 
337.0853 339.0474 0 
337.9852 339.9595 0 
336.9877 340.0079 0 
338.2211 340.4250 0 
332.2534 340.7617 r0 
338.7320 341.3318 0 
334.7278 341.3975 r0 
339.2479 342.3280 1 
339.5239 342.3884 0 
339.3292 342.6309 1 
340.8259 342.8064 0 
340.8707 343.1310 0 
339.3337 343.6658 1 
342.8827 344.7952 0 
342.5884 345.2998 0 
343.6081 345.5615 0 
342.9742 345.6986 0 
339.3146 345.7212 r0 
342.9460 345.7883 0 
345.3239 347.4850 0 
345.2751 347.5223 0 
340.2810 347.5601 r0 
344.9798 348.5336 1 
341.4359 348.7948 r0 
346.8869 349.0388 0 
346.9432 349.6318 0 
349.0299 351.4625 0 
345.0003 352.0485 r0 
350.1401 352.5941 0 
348.0857 352.9138 1 
350.5064 352.9973 0 
350.9824 353.6488 0 
347.6836 354.3679 r0 
351.8536 354.6138 0 
353.0444 354.9515 0 
353.3042 355.3067 0 
349.9940 356.7768 r0 
354.3003 356.8216 0 
354.9092 356.8553 0 
354.7898 356.8603 0 
355.5463 357.4492 0 
356.6088 358.7586 0 
356.6103 359.1617 0 
352.2231 359.2844 r0 
356.9840 359.3027 0 
357.8724 360.1618 0 
358.4896 360.8304 0 
358.4757 361.0365 0 
359.2526 361.2143 0 
361.5533 364.2263 0 
361.6121 364.6993 1 
359.5519 366.1987 r0 
363.8969 366.2763 0 
365.1939 368.1218 1 
361.5665 368.1846 r0 
362.0301 368.5542 r0 
367.4473 369.5199 0 
367.1929 369.5363 0 
367.7017 369.6343 0 
367.3189 370.1457 0 
367.9098 370.3383 0 
370.1288 372.1192 0 
370.2381 372.2398 0 
368.6780 372.2454 0 
365.4227 372.4145 r0 
370.9982 374.0568 0 
371.3968 374.1940 0 
371.3606 374.2005 0 
371.1702 374.3450 0 
372.5770 374.9263 0 
368.0168 375.1174 r0 
374.0697 376.1515 0 
374.0507 376.5112 0 
373.1372 376.6500 0 
368.2179 376.7362 r0 
372.9523 377.0605 1 
370.9202 378.2250 r0 
375.3532 378.2937 0 
375.8726 378.9068 1 
376.8284 379.2135 0 
377.2290 379.4904 0 
378.0437 380.0448 0 
377.6387 380.2764 0 
378.0332 380.5021 0 
378.2885 381.2228 0 
378.6308 382.0562 0 
380.3988 382.6826 0 
380.5220 382.8338 0 
380.9020 383.2174 0 
381.0370 383.9795 1 
381.3598 384.6160 0 
381.4736 384.7449 0 
378.2667 384.8848 r0 
381.4014 385.1137 0 
383.3774 385.7026 0 
378.5836 386.4202 r0 
384.2055 386.6154 0 
384.1204 387.0188 0 
384.2204 387.3057 0 
384.6857 387.3411 0 
384.2809 387.3732 0 
381.1576 388.8089 r0 
386.1695 388.8342 0 
386.7889 389.2232 0 
387.1671 389.2967 0 
386.4200 389.4529 0 
388.1329 390.0569 0 
389.9023 391.9798 0 
383.9448 392.2050 1 
389.9732 392.6719 0 
390.1513 392.7805 0 
384.8051 393.2635 r0 
391.7423 393.8994 0 
391.3285 394.5143 0 
392.1721 394.7633 0 
391.7565 394.8234 0 
388.5331 396.1795 r0 
389.8120 396.7229 r0 
395.3631 398.4889 0 
396.2814 398.5635 0 
396.0482 398.6377 0 
391.7492 398.9592 r0 
398.1668 400.7655 0 
398.2216 400.8542 0 
398.9364 401.2495 0 
396.9436 401.2948 1 
396.9935 401.3355 1 
398.5081 401.9089 1 
399.5068 402.3049 0 
399.8478 403.1339 1 
400.1723 403.2364 0 
400.2539 403.3672 0 
400.8491 404.9802 0 
401.3803 405.9406 0 
399.6816 406.1494 r0 
400.1494 407.0524 r0 
402.7693 407.3359 0 
400.4130 407.8605 r0 
404.3937 408.4816 0 
401.2256 409.5210 r0 
407.9018 410.0108 0 
408.1401 410.1662 0 
401.8403 410.3326 r0 
407.5031 410.8648 1 
402.0238 411.4924 r0 
410.0362 412.1256 0 
411.1497 413.3048 0 
402.3643 413.5393 r0 
403.5815 414.0409 r0 
411.9381 414.0836 0 
403.6172 414.1599 r0 
411.5085 414.5809 0 
412.6031 416.0265 1 
413.5439 417.3999 1 
415.7083 417.8812 0 
411.1864 418.6281 r0 
416.3893 419.0867 0 
413.7375 420.7838 r0 
418.6439 420.8627 0 
418.8229 421.2180 0 
415.3243 421.8803 r0 
415.9128 422.6481 r0 
420.1871 423.2086 1 
421.3413 423.3626 0 
417.2397 424.1908 r0 
422.8020 424.9176 0 
422.7945 425.3185 0 
422.9330 425.7498 0 
420.3121 426.7525 r0 
420.0873 426.9012 r0 
425.4396 427.3638 0 
420.7813 427.4360 r0 
425.6425 428.4353 0 
425.9355 428.7480 0 
427.1864 429.3386 0 
426.9883 429.4475 0 
428.0165 430.4171 0 
427.7015 430.6391 1 
429.9358 431.8877 0 
429.1093 432.2126 1 
429.2176 432.4063 0 
430.9750 432.8997 0 
430.1241 433.0868 1 
426.8326 433.6521 r0 
431.3853 433.7489 0 
431.6160 434.2498 0 
431.6896 434.5466 0 
431.3291 434.7624 1 
432.5238 434.9128 0 
432.7970 435.6527 0 
432.8998 436.2378 0 
429.4320 436.3987 r0 
433.3628 436.4829 0 
434.6147 436.8490 0 
434.8593 436.8919 0 
431.4038 437.9022 r0 
434.8737 438.1395 0 
435.5512 438.3027 0 
435.5929 439.1665 0 
436.0176 439.1881 0 
436.5084 439.7265 0 
432.0068 439.9188 r0 
436.8866 440.0555 0 
436.5649 440.4539 1 
437.5147 440.6063 0 
437.7973 441.2656 0 
437.2360 441.5947 1 
440.7086 442.8679 0 
435.6484 442.9761 r0 
442.0284 443.9604 0 
441.8185 444.2746 0 
442.3212 444.3145 0 
442.1542 444.8072 0 
442.8312 445.1571 0 
443.1199 445.9750 0 
444.5327 446.5430 0 
442.8636 446.8948 0 
444.6276 446.9225 0 
440.6751 447.4125 r0 
445.3690 447.6682 0 
443.4931 447.9085 1 
445.3517 447.9362 0 
445.6928 447.9475 0 
446.7385 449.2048 0 
445.9545 449.3815 0 
448.7815 450.9652 0 
449.6131 451.7118 0 
449.8739 451.8480 0 
449.9195 451.8620 0 
450.3067 452.9974 0 
451.1755 453.2688 0 
450.7958 453.5505 0 
452.8961 454.9950 0 
452.6178 455.5019 0 
453.1485 456.1148 0 
454.0592 456.4556 0 
454.2680 456.9669 0 
454.9284 457.0841 0 
454.9592 457.8628 0 
454.3767 458.3402 1 
451.6433 458.4040 r0 
456.9035 459.3020 0 
452.4950 459.9890 r0 
458.7811 460.7471 0 
459.0144 461.3375 0 
459.0374 461.3799 0 
459.3856 461.7966 0 
459.6058 462.3584 0 
460.3197 463.5136 1 
461.4419 463.5457 0 
456.2997 463.9896 r0 
462.1042 464.0497 0 
461.3019 465.3609 1 
463.3380 465.3824 0 
459.9659 466.2867 1 
464.2426 466.6048 0 
464.5745 467.6114 0 
458.4213 467.9478 r0 
459.8433 468.2947 r0 
467.2581 469.6674 0 
465.5819 469.8114 1 
467.1566 469.8147 0 
468.1528 470.3741 0 
464.4452 470.8626 r0 
468.6562 470.8850 0 
468.2049 471.2190 0 
468.8162 471.7241 1 
469.9072 471.8277 0 
469.6778 472.7050 1 
470.4521 472.7567 0 
470.9234 473.0970 0 
470.2607 473.1479 0 
469.8945 473.3831 1 
472.6688 475.2671 0 
473.4937 475.4297 0 
473.5776 475.6792 0 
473.6315 476.0654 0 
474.2352 476.1867 0 
474.8018 477.0075 0 
470.4739 477.0636 r0 
476.6342 478.5664 0 
476.3990 478.5716 0 
476.1062 478.7333 0 
477.2532 480.1966 0 
477.0227 480.2166 1 
477.3304 480.2209 0 
477.7337 480.7244 0 
477.9189 480.7411 0 
478.5474 481.0994 0 
478.1094 481.1306 0 
478.7545 482.3140 0 
479.0907 482.4563 1 
481.5008 484.3893 0 
482.2671 484.6405 0 
481.1667 484.8328 1 
483.0201 485.3912 0 
485.6867 488.5498 0 
487.8194 490.4628 0 
487.5650 490.5517 0 
483.9540 490.5588 r0 
487.9324 490.9821 1 
488.6694 491.5064 0 
489.4666 491.5582 0 
489.6178 492.5352 0 
489.8791 492.7018 0 
489.7574 492.7100 0 
491.4373 493.9616 0 
489.9099 493.9788 0 
487.1222 494.3209 r0 
492.2745 494.7727 0 
488.8090 495.2105 r0 
493.2743 495.9023 0 
492.7609 495.9461 1 
492.9990 496.0258 0 
493.7373 496.0456 0 
493.7933 496.7144 0 
494.8668 497.3778 0 
496.0165 497.9366 0 
491.4682 498.6435 r0 
495.5918 498.8494 0 
496.4179 498.8545 0 
497.8668 499.8660 0 
496.9628 499.9249 0 
498.2286 500.4976 0 
494.2346 501.9186 r0 
500.1632 502.7381 0 
500.2105 503.0533 0 
500.9315 503.7085 0 
500.8902 504.0426 0 
501.8562 504.0638 0 
501.8682 504.6490 0 
502.1913 505.2251 0 
503.0092 506.0838 0 
502.8244 506.2024 0 
500.8622 507.2948 r0 
504.1173 507.5204 0 
503.4374 507.5698 1 
504.2642 507.8534 0 
505.4817 508.0507 0 
506.3590 509.2812 0 
507.3558 509.3817 0 
507.0943 509.4381 0 
508.0129 510.3000 0 
502.8400 510.5238 r0 
508.7739 510.8054 0 
502.7366 511.1212 r0 
508.9733 511.3779 0 
508.8393 512.0717 1 
510.1424 512.1350 0 
507.6146 512.6744 1 
510.8004 512.7128 0 
511.1673 513.1447 0 
510.5861 513.4208 0 
511.7523 513.8078 0 
510.2815 513.8590 1 
512.0586 514.0438 0 
511.8979 514.2484 0 
510.9563 514.3680 1 
512.7377 515.1665 0 
513.0833 515.3906 0 
513.3268 516.4141 0 
514.0289 516.8168 0 
514.8492 517.4776 0 
515.0852 517.6243 0 
513.0197 517.6623 1 
514.9854 517.9446 0 
512.4031 519.6649 r0 
518.2182 520.1328 0 
517.0824 521.2006 1 
519.7196 521.7394 0 
519.5710 521.7437 0 
519.9388 521.9451 0 
521.5812 523.5300 0 
521.2481 523.5843 0 
521.3115 523.7107 0 
522.2344 524.2053 0 
521.0959 524.2207 1 
523.5274 525.6475 0 
522.5671 526.0196 1 
524.0293 526.1821 0 
524.3281 527.1297 0 
523.1277 527.3815 1 
525.1563 527.6212 0 
525.2029 528.3435 1 
527.4046 530.1714 0 
528.2937 530.4545 0 
528.7371 531.6401 1 
529.6072 531.6835 0 
528.6378 532.6766 1 
530.7032 532.9992 0 
530.9547 533.0875 0 
531.0008 533.1595 0 
527.3836 533.9782 r0 
531.2583 534.6479 0 
532.8280 535.0192 0 
532.2013 535.2945 0 
528.8450 535.3120 r0 
533.8036 536.0992 0 
534.3117 537.0896 0 
534.4386 537.1634 0 
534.2823 537.4140 0 
534.7049 537.6995 0 
530.8876 538.1375 r0 
535.6002 538.1454 0 
531.9931 539.2442 r0 
535.6298 539.2593 0 
535.7652 539.3008 0 
535.9966 539.5611 0 
533.7560 540.3527 r0 
536.6883 540.7096 0 
537.7309 540.7250 1 
537.5878 541.3842 0 
537.2767 541.7661 0 
538.4852 541.9639 0 
539.9880 542.5967 0 
539.6435 542.6663 1 
540.8402 543.6937 0 
535.6095 543.7031 r0 
540.0654 543.7250 0 
540.5202 543.9707 0 
541.1609 543.9831 0 
536.5955 544.4315 r0 
542.1599 544.5385 0 
543.7051 546.5964 0 
545.5581 547.8441 0 
545.5537 548.2564 0 
545.4909 548.4528 0 
545.7270 548.7698 0 
546.6354 549.0113 0 
547.0694 549.1225 0 
546.5672 549.4682 1 
542.4874 549.6662 r0 
547.9730 550.1911 0 
543.6349 550.4567 r0 
547.7982 550.4970 0 
542.6756 551.2722 r0 
549.3275 551.8381 0 
550.1113 552.3257 0 
550.6460 552.9398 0 
547.7098 552.9688 1 
551.4570 553.6532 0 
551.7893 554.3100 0 
552.9837 554.9595 0 
550.8804 554.9668 1 
553.9160 556.0351 0 
554.5074 556.6002 0 
553.4070 556.7952 1 
550.0416 556.8856 r0 
554.4732 556.9817 0 
553.5713 557.0640 1 
551.1133 558.2074 r0 
556.5289 558.5314 0 
556.0054 558.9182 0 
556.9785 558.9605 0 
552.8472 560.1108 r0 
558.8097 560.9628 0 
556.9417 561.2714 1 
559.3933 561.6180 0 
560.2838 562.2342 0 
560.8438 562.8971 0 
559.9306 562.9455 0 
561.0915 564.5825 1 
562.2988 565.0891 0 
563.3787 565.4621 0 
562.9445 565.9085 1 
565.3404 567.6712 0 
565.5306 568.1522 0 
565.9410 568.2995 0 
565.3372 568.3525 1 
567.7010 569.7369 0 
567.5555 570.3732 0 
567.1314 570.3990 1 
568.5651 570.5720 0 
567.5523 570.6537 0 
570.3716 572.5238 0 
571.1059 573.1446 0 
571.6248 573.5887 0 
571.7293 573.7000 0 
566.6894 573.9064 r0 
571.5642 573.9246 0 
571.7861 574.3420 0 
571.8829 575.0462 0 
571.4067 575.0492 1 
572.1767 575.1058 0 
568.5360 575.5607 r0 
573.7413 575.6817 0 
572.9304 575.8033 0 
575.6342 577.8235 0 
575.6490 578.4363 0 
576.8197 578.8075 0 
577.2280 579.7559 0 
577.0386 579.7802 0 
578.0466 580.2739 0 
577.3912 580.2770 0 
578.0699 580.4182 0 
578.3182 581.1752 0 
578.4832 582.1340 0 
578.6983 582.5316 0 
579.7929 582.8768 0 
580.5238 584.6433 0 
581.9541 585.3142 0 
582.8105 585.7960 0 
583.0422 586.3970 0 
583.6641 586.6960 0 
579.6470 586.7979 r0 
579.3350 587.0573 r0 
580.2951 587.6808 r0 
584.1404 587.7197 0 
584.2824 588.0623 0 
585.8075 588.7339 0 
584.7514 589.1477 0 
584.3937 589.2453 0 
584.9240 589.4914 0 
586.7207 590.2614 0 
582.6142 590.4751 r0 
587.8130 591.1827 0 
582.9867 591.1848 r0 
588.3707 591.5126 0 
587.1544 591.5535 0 
588.2684 591.7900 0 
588.7444 592.4872 1 
588.8054 592.6498 0 
589.6367 592.7151 1 
590.7048 593.5523 0 
590.6138 593.7839 0 
590.1778 594.3268 0 
591.0469 594.3763 0 
586.1371 594.8110 r0 
591.3463 595.4919 0 
593.2931 595.8099 0 
594.6043 596.6622 0 
594.2658 596.7520 0 
594.5334 596.8713 0 
594.8934 597.2709 0 
595.6553 597.7046 0 
589.8127 597.7114 r0 
594.6101 597.8303 1 
595.7442 598.9126 1 
596.7413 598.9492 0 
596.1141 599.2660 0 
596.6447 599.4188 0 
596.2988 599.5265 0 
597.0818 599.8861 0 
595.7224 600.6979 1 
597.1390 600.7913 0 
597.6339 601.4234 0 
597.3610 601.4595 0 
600.2850 602.3736 0 
601.3116 603.2734 0 
600.8784 603.3328 0 
600.6387 603.4055 0 
600.7012 603.8045 1 
602.0051 604.3682 0 
603.5649 605.5040 0 
603.5530 608.3511 1 
606.3273 608.4467 0 
605.0577 608.7963 1 
606.7369 608.8954 0 
608.4463 610.3937 0 
608.0215 610.9722 0 
606.5239 611.1198 1 
608.6134 611.3428 0 
610.0220 612.0539 0 
605.5476 612.1107 r0 
610.2880 612.6131 0 
610.7947 613.0695 0 
610.8208 613.0835 0 
611.6299 613.6980 0 
611.5827 614.1208 0 
608.2444 615.1010 r0 
612.5514 615.1611 0 
612.9821 615.6241 0 
612.8822 615.8578 0 
615.2470 617.1964 0 
615.2612 617.7121 0 
615.9789 618.3051 0 
616.0350 618.3735 0 
612.2415 618.9831 r0 
616.8121 619.1454 0 
616.6197 619.5240 0 
618.3967 620.3884 0 
619.1906 621.4357 0 
619.0333 622.0125 1 
619.9290 622.4073 0 
615.6678 622.5669 r0 
620.6659 622.7239 0 
621.0246 623.3458 0 
623.0610 625.4633 0 
624.4779 626.7469 0 
625.6878 628.4665 0 
626.5413 628.9984 0 
622.9836 629.6973 r0 
628.5529 630.9312 0 
624.2544 631.6258 r0 
629.1922 631.6423 0 
629.9724 632.4565 0 
630.4696 632.9936 0 
629.7381 633.0945 1 
630.6500 633.4524 0 
631.7794 634.0858 0 
629.8989 635.2479 1 
629.8079 636.3727 r0 
634.9085 637.0081 0 
634.3352 637.4829 0 
631.2018 637.6606 r0 
634.5321 637.8004 1 
635.5960 639.9957 1 
638.2469 640.3899 0 
631.8366 640.8409 r0 
638.9825 641.6436 0 
632.1867 641.7034 r0 
639.2373 641.7825 0 
639.0814 642.1939 0 
639.0856 642.2385 0 
639.9208 642.3355 0 
641.8592 643.8720 0 
639.6422 643.9567 1 
641.0782 644.3854 0 
634.9289 644.4572 r0 
642.5835 645.1842 0 
642.9739 645.4121 0 
638.6539 645.8212 r0 
635.8298 646.1907 1 
644.7553 646.7424 0 
645.3252 647.2661 0 
645.7832 648.5314 0 
645.2856 648.6533 1 
646.2371 648.7901 0 
647.9276 649.9804 0 
648.0066 649.9935 0 
646.4236 650.0218 1 
648.0815 650.1822 0 
648.4219 651.1121 0 
648.4319 651.3053 0 
648.4048 651.4777 1 
649.7569 652.0259 0 
649.7491 652.5440 0 
650.5303 653.1647 0 
650.4610 653.6403 1 
651.4170 653.8755 0 
649.4077 654.0133 1 
651.6892 654.1156 0 
652.2107 654.3772 0 
651.2125 654.5148 1 
652.2622 655.5875 1 
653.2612 655.6407 0 
653.8675 656.0594 0 
653.6625 656.7344 1 
655.2468 657.7150 0 
655.8885 658.4422 0 
656.0621 658.5143 0 
656.0609 658.5695 0 
656.0313 658.7381 0 
652.2435 659.5354 r0 
653.6872 660.1149 r0 
657.6890 660.4708 0 
659.9206 662.3119 0 
657.8132 662.3390 1 
661.1048 663.0197 0 
658.9468 663.3989 1 
656.9384 663.4790 r0 
661.7741 663.6747 0 
662.4853 664.6408 0 
662.2528 665.0827 0 
663.0714 665.3033 0 
663.4947 665.6809 0 
664.2474 666.2948 0 
664.4579 667.0273 0 
665.4200 667.3249 0 
665.3289 667.9433 0 
665.4616 668.3302 0 
666.3471 668.8775 0 
666.3880 669.5028 0 
666.5525 670.0399 0 
666.4729 670.2094 0 
667.2642 670.8358 0 
663.4928 670.8372 r0 
668.1405 671.3280 0 
665.7738 672.7436 r0 
670.8108 672.9920 0 
670.0844 673.6689 1 
671.8994 673.9137 0 
671.6798 673.9803 0 
673.6150 675.6052 0 
673.8729 676.4872 0 
668.3453 676.5200 r0 
674.8368 676.8222 0 
674.6321 677.5663 1 
671.2520 677.6581 r0 
676.3376 678.6314 0 
677.7967 679.8217 0 
677.9851 679.9044 0 
677.8238 679.9070 0 
677.8878 680.3252 0 
678.1444 680.6834 0 
678.4800 681.0766 0 
678.8744 681.8206 0 
679.8326 682.2321 0 
678.8821 682.3393 0 
679.4410 682.4364 1 
678.5041 682.6628 0 
680.9120 682.8832 0 
679.8325 682.9385 1 
681.8933 683.7985 0 
679.8598 683.9703 1 
682.6564 684.7065 0 
682.6161 685.2813 0 
683.0855 685.2902 0 
681.6785 686.7530 1 
684.7880 686.7731 0 
684.9366 687.4231 0 
686.3947 688.3442 0 
685.9484 688.4430 0 
686.0432 688.5092 0 
686.2540 688.7556 0 
683.0494 689.5043 r0 
688.0051 690.3338 0 
687.8936 690.7356 0 
688.4756 691.0250 0 
689.2807 691.4111 0 
688.9260 692.0704 1 
689.5750 692.3985 0 
689.3965 692.5104 0 
690.6162 693.0555 0 
690.6803 693.8798 0 
692.2795 694.1985 0 
686.6879 694.2899 r0 
693.0450 695.4397 0 
692.9698 695.6030 0 
693.7434 696.5219 0 
691.7320 697.1287 1 
696.8140 698.8850 0 
696.4214 699.0620 0 
697.2254 699.4377 0 
698.2216 700.3102 0 
698.9274 701.0579 0 
699.6371 701.6016 0 
697.3686 702.1145 1 
699.9486 702.7429 0 
700.4223 703.2878 0 
699.9988 703.4407 0 
701.7587 703.9539 0 
701.8391 704.1888 0 
701.0789 704.3339 1 
701.9760 704.7762 0 
698.7594 705.1901 r0 
703.3362 706.1134 0 
698.9730 706.6072 r0 
704.0104 707.3065 0 
700.7947 707.5362 1 
703.4209 707.6060 1 
703.9013 708.1079 1 
704.1494 708.8054 0 
705.4679 708.8642 0 
705.9015 710.0984 0 
700.9399 710.2848 r0 
706.0255 710.3572 0 
702.2792 710.7850 r0 
706.1886 710.8714 0 
707.0638 710.9689 0 
705.9795 711.1051 0 
703.2694 711.2667 r0 
704.0370 711.6083 r0 
707.5078 712.2006 0 
708.2597 712.3736 0 
709.2392 712.7941 0 
710.9639 713.0465 0 
710.6223 713.0755 0 
704.4247 713.9857 r0 
711.3197 714.1410 0 
704.0973 714.3383 r0 
711.4917 714.5447 0 
707.2480 716.6667 r0 
714.8740 717.6771 0 
715.2901 717.7688 0 
716.3412 718.2628 0 
717.0288 719.0652 0 
718.0057 720.2640 0 
719.0750 721.0096 0 
720.0417 722.5415 0 
716.5321 723.3370 r0 
722.2324 724.8213 0 
722.9332 724.8595 0 
722.8405 725.1236 0 
718.8693 725.4357 r0 
723.8637 726.2646 0 
724.2611 727.6792 0 
724.1959 727.8348 0 
724.8499 728.1044 0 
725.0670 728.5963 0 
725.4707 728.6424 0 
725.6150 729.3426 0 
723.3784 729.8088 r0 
726.0192 730.4420 0 
724.1523 731.0933 r0 
729.4995 731.4492 0 
728.0390 732.1717 1 
730.4926 732.7045 0 
730.7588 733.0709 0 
730.7094 733.1229 0 
731.2252 733.1411 0 
731.6853 734.1330 0 
727.6153 734.8436 r0 
731.8036 734.9380 0 
732.0278 735.6902 1 
735.3399 737.3296 0 
735.9757 737.8931 0 
735.9843 738.2271 0 
736.5372 738.4409 0 
732.4726 739.3668 1 
737.6681 739.6779 0 
736.7679 739.8935 0 
732.4916 740.3138 r0 
737.8079 740.3475 0 
738.7690 740.8403 0 
734.6788 741.4286 r0 
734.2253 741.6260 r0 
740.1464 742.6774 0 
741.8139 743.9094 0 
741.1680 744.1033 0 
742.0110 744.7278 0 
744.1323 746.1697 0 
744.6106 747.0196 0 
745.6080 748.1364 0 
746.7210 748.6582 0 
746.7228 749.0831 0 
746.6717 749.0967 0 
742.5015 749.1121 r0 
747.3680 750.1233 0 
748.5107 750.5675 0 
748.7430 750.8194 0 
743.9401 751.3860 r0 
748.5465 751.4540 1 
749.6743 752.1871 0 
749.8571 752.2507 0 
749.9948 753.5917 0 
752.0464 754.3209 0 
747.8904 754.5483 r0 
751.6175 754.9580 1 
752.5704 755.0914 0 
753.0620 755.6994 0 
753.9257 756.1498 0 
753.9840 756.4095 0 
748.8988 756.4658 r0 
754.7075 756.7266 0 
754.7755 756.9853 0 
756.4544 758.5485 0 
757.2607 759.3704 0 
757.2822 760.0780 0 
756.9539 760.1522 1 
760.2650 762.3541 0 
761.0316 763.2311 0 
760.6353 763.6255 0 
761.4970 763.6993 0 
761.8304 763.7680 0 
762.0356 764.4843 0 
757.7345 765.1155 r0 
761.9823 765.2265 1 
763.1992 765.6340 0 
764.1068 766.1337 0 
761.1161 766.9811 1 
765.6842 768.7364 1 
766.8398 768.9048 0 
766.4822 769.2947 0 
767.0956 769.3738 0 
768.0556 770.3318 0 
768.5745 770.4830 0 
766.8773 770.5657 1 
767.2950 771.0298 1 
768.8109 771.2156 0 
768.0786 771.8789 1 
769.4200 772.5687 0 
770.3020 772.8187 0 
770.4898 773.2438 0 
769.2424 774.0250 1 
772.1547 774.8799 0 
772.2756 774.9076 0 
767.6434 775.3512 r0 
771.6568 775.3759 0 
765.3991 775.4575 1 
772.7830 775.5903 0 
772.4087 775.9459 0 
772.9009 776.7631 0 
773.2721 776.9240 0 
769.5495 777.2226 r0 
769.8199 777.2314 r0 
773.2056 777.4530 0 
774.8005 777.4975 0 
774.7785 778.3476 0 
774.7648 778.4427 1 
770.6063 778.9960 r0 
775.8286 779.0208 0 
776.0541 779.4504 0 
775.9030 779.8399 0 
776.0681 780.0600 0 
775.7053 780.7897 1 
777.1451 781.0425 1 
776.1256 781.2367 0 
776.6888 781.2888 0 
777.2217 781.5276 0 
775.5459 782.3779 r0 
779.8296 782.8443 0 
779.9988 783.1761 0 
781.8457 783.7722 0 
781.6825 783.8325 0 
780.2216 783.8359 1 
780.3571 784.0253 1 
780.4174 784.5824 1 
782.4625 785.0565 0 
782.6207 785.2124 0 
782.7147 785.2386 0 
778.2843 785.8512 r0 
782.9621 786.5675 0 
783.9654 787.0115 0 
784.4193 787.3449 0 
784.4561 787.4475 0 
779.7499 788.2333 r0 
785.6145 788.7509 1 
785.3299 788.8106 0 
785.6615 789.3115 0 
786.6664 789.6241 0 
787.1827 789.7038 0 
786.8584 790.0925 0 
781.8655 790.2217 r0 
787.9272 791.0760 0 
782.9606 791.1314 r0 
788.0262 791.3827 0 
788.1508 791.7345 0 
787.4112 791.7567 0 
789.4198 792.0651 0 
788.4140 792.6344 0 
784.8750 792.6780 r0 
791.5543 793.7558 0 
791.5618 794.0613 0 
791.9095 794.0709 0 
792.8138 794.7692 0 
792.3186 795.4448 0 
793.4407 796.9202 0 
793.9984 797.5833 1 
789.8260 797.8047 r0 
795.1189 797.9351 0 
795.0672 798.0139 1 
797.4288 799.6791 0 
797.9946 799.9120 0 
797.7020 800.2884 0 
798.4791 800.5221 0 
792.9861 800.9957 r0 
798.7504 801.4992 0 
798.7483 801.6027 0 
799.0376 801.7102 0 
799.6834 802.2366 0 
800.0853 802.5098 0 
796.2254 802.9513 r0 
798.7496 803.2359 1 
800.4351 803.4465 0 
800.2439 803.4920 0 
801.3969 803.6680 0 
800.3499 804.2092 1 
796.3184 804.2171 1 
802.5061 804.5429 0 
802.1795 804.5626 0 
803.1481 806.2457 1 
804.4612 806.3641 0 
804.4347 806.7718 0 
804.8221 807.1249 0 
804.5644 807.7453 1 
807.3442 809.3444 0 
808.4536 810.3838 0 
810.5366 812.7922 0 
805.9493 812.9457 r0 
812.2942 814.6482 0 
811.6238 814.7384 1 
812.4465 814.7805 0 
811.6587 814.8539 1 
812.1959 815.0016 0 
813.4077 815.9583 0 
814.1979 816.1712 0 
809.4210 816.9017 r0 
814.5828 817.4161 0 
815.0900 817.6445 0 
815.9938 818.0693 0 
816.2710 818.2394 0 
812.6196 819.0316 r0 
815.9665 819.3070 1 
817.6329 820.4656 0 
817.1090 823.6452 r0 
817.6052 824.1796 r0 
821.7641 824.7506 0 
822.2649 825.5363 1 
824.2406 826.2595 0 
824.4857 826.4818 0 
824.5918 826.6407 0 
825.1187 827.1800 0 
820.6505 827.2191 r0 
824.7405 827.8305 1 
826.2329 829.0598 0 
826.5711 829.1620 0 
825.2266 829.1995 0 
823.1257 829.9367 r0 
828.1579 831.1135 0 
828.3919 831.2743 0 
828.3108 831.4256 0 
828.7323 831.5092 0 
824.9503 831.6343 r0 
828.8949 832.0596 0 
825.7266 833.2782 r0 
829.4137 833.2869 0 
830.3406 833.6591 0 
830.9460 833.8068 0 
830.4466 833.9059 0 
826.4992 833.9274 r0 
831.1432 834.1868 0 
830.7771 834.6320 1 
826.8325 835.2805 r0 
831.7247 835.7282 0 
831.5677 836.1270 0 
833.6378 836.1300 0 
833.6341 836.7531 1 
830.0840 837.9840 r0 
834.8993 838.2184 0 
835.5542 838.5205 1 
834.8853 838.8127 0 
834.7747 838.9001 0 
835.3224 839.0004 0 
831.3019 840.1610 r0 
836.4273 840.4604 0 
833.3092 840.8025 r0 
836.5820 840.8736 0 
837.2786 841.9220 0 
834.3543 842.2020 r0 
838.0978 842.3332 0 
838.9816 842.4810 0 
839.2521 843.8431 0 
839.4761 843.8770 0 
839.7606 844.0415 0 
835.6181 844.4183 r0 
841.6583 844.9255 0 
836.3483 844.9743 r0 
841.1141 844.9799 0 
839.7451 844.9804 0 
837.2264 845.7009 r0 
842.5817 846.0437 0 
842.6182 846.6915 0 
843.3214 846.8502 0 
845.4292 847.8838 0 
845.9383 847.9577 0 
845.1561 848.1294 1 
846.0425 848.8764 0 
848.8120 850.7504 0 
848.1327 851.1584 1 
842.0605 851.3595 r0 
843.8199 851.6852 r0 
849.4507 851.8138 0 
849.7076 852.0955 0 
850.1338 852.3232 0 
850.5408 852.7414 0 
850.5196 853.9023 1 
848.5004 854.9561 r0 
852.5512 854.9738 0 
852.8437 854.9979 0 
853.4308 855.7108 0 
854.3810 856.3293 0 
853.3329 856.4983 1 
854.4427 856.5028 0 
855.8125 858.1221 0 
856.8272 859.0033 0 
857.1382 859.2249 0 
854.0039 860.5826 r0 
858.8347 860.9566 0 
859.5683 861.6229 0 
859.4708 861.8488 0 
855.2320 862.3732 r0 
860.8183 862.8122 0 
860.8700 863.0540 0 
856.6872 863.1183 r0 
862.3663 864.7581 0 
857.4481 864.8801 r0 
859.8477 866.2703 r0 
864.5233 866.6998 0 
864.5737 867.0357 0 
865.8308 867.9194 0 
866.3363 868.3248 0 
865.8522 868.9582 1 
867.0383 869.4750 0 
867.0952 869.9462 0 
868.8653 870.8404 0 
870.1427 872.0882 0 
870.4584 872.7755 0 
870.8834 873.1008 0 
868.2902 873.1208 1 
871.0149 873.3878 0 
871.8672 873.7991 0 
872.2010 874.2612 0 
872.3630 874.8834 0 
872.6573 875.0140 0 
873.0160 875.4452 0 
875.2762 877.2075 0 
875.2448 877.2757 0 
875.0552 877.2805 0 
870.5398 877.8280 r0 
874.9498 877.9303 1 
876.1203 878.1246 0 
876.1653 878.9412 0 
876.7477 879.3563 0 
876.8992 879.4966 0 
876.4166 879.7951 0 
876.8750 880.2800 1 
877.7100 880.6225 0 
878.2379 881.0999 0 
878.3932 881.3141 0 
879.2499 881.8319 0 
875.1846 881.9607 r0 
878.6124 882.1265 0 
880.4428 883.1006 0 
881.1469 883.4392 0 
881.7954 883.8511 0 
882.5671 884.6936 0 
877.4477 885.4798 r0 
882.8400 885.9758 0 
885.0694 887.3970 0 
885.2990 888.0584 0 
885.6660 888.1865 0 
880.9262 888.6952 r0 
886.4351 888.8948 0 
882.8104 889.3928 r0 
886.3563 889.4847 0 
886.8176 889.5614 0 
883.4803 890.1026 r0 
887.3943 890.4690 0 
887.4530 890.4751 0 
887.6794 890.8716 0 
887.9966 891.2729 0 
888.2295 891.4139 0 
888.3314 891.6887 1 
888.7072 892.4832 0 
889.2111 892.8702 0 
885.7237 892.9554 r0 
889.1216 892.9808 0 
889.3620 893.3206 0 
889.9157 893.6281 0 
890.5590 894.4286 0 
891.6152 894.7870 0 
891.9020 895.4918 0 
888.5401 895.9622 r0 
894.0124 896.0782 0 
894.7080 897.7312 1 
895.1776 898.3031 0 
896.3404 898.4882 0 
896.0964 898.6184 0 
896.9179 900.3652 0 
897.5925 900.7696 0 
898.0487 901.1131 0 
894.2720 901.3852 r0 
900.3056 902.7178 0 
898.9173 902.7220 0 
899.6562 902.9056 0 
901.1528 903.2154 0 
896.6631 903.2910 r0 
896.9093 903.5429 r0 
901.6792 903.6305 0 
901.9522 904.8488 0 
903.4611 905.4748 0 
901.8176 905.4963 0 
897.4804 905.5368 r0 
904.0694 905.9936 0 
902.5239 906.0914 1 
898.8850 906.5515 r0 
904.9233 906.8979 0 
906.1773 908.3734 0 
903.7785 910.5080 r0 
906.8651 910.5257 1 
908.0295 910.6331 0 
908.6362 910.9474 0 
909.3592 911.4453 0 
909.2641 911.5900 0 
910.0656 912.0308 0 
911.0560 913.4242 0 
912.3105 914.6318 0 
913.6789 915.8788 0 
913.4990 916.2508 0 
910.9950 917.5359 r0 
913.7701 917.6603 1 
915.6841 917.8082 0 
915.4651 918.1780 0 
916.0074 918.2223 0 
915.4807 918.3358 0 
916.1243 918.8729 0 
915.9208 919.3636 1 
916.8875 919.9762 1 
917.3834 920.1835 0 
917.3362 920.5311 0 
917.6941 920.7277 1 
917.4744 921.1246 0 
917.5419 922.3783 0 
919.2424 922.5780 1 
918.0630 922.5787 0 
918.4669 923.1683 0 
916.7509 923.8268 r0 
918.9674 923.9065 0 
917.2879 924.6748 r0 
917.5235 925.4348 r0 
924.3927 926.4706 0 
917.9268 926.6687 r0 
927.6683 929.8993 0 
928.1152 930.1584 0 
927.4437 930.4219 0 
928.4450 930.5326 0 
929.0055 931.0658 0 
928.0545 931.3041 1 
930.5787 932.7774 0 
926.1602 933.0465 r0 
932.0849 933.9909 0 
932.1857 934.3362 0 
932.3970 935.2674 0 
934.0434 936.1426 0 
934.0009 936.4296 0 
930.2453 936.7488 r0 
930.1510 937.0654 r0 
932.1893 939.1181 r0 
936.4864 939.1239 0 
937.3858 939.5408 0 
932.7889 940.2948 r0 
937.1057 940.5826 1 
938.7635 941.5234 0 
937.4008 941.6828 1 
937.6769 943.6016 1 
941.6513 943.9094 0 
941.9790 944.2862 0 
936.5906 944.6692 r0 
942.7289 944.8402 0 
944.0352 945.9534 0 
937.5971 946.3033 1 
944.0636 946.3718 0 
943.9835 946.4024 0 
941.2810 947.8242 r0 
945.0980 947.8961 0 
945.5733 947.9352 0 
940.5605 948.2800 1 
943.4531 950.2799 r0 
944.8818 951.6350 r0 
951.1089 953.0688 0 
951.2689 953.1845 0 
951.8068 954.7205 0 
951.9360 954.9505 0 
952.3595 955.1810 0 
952.2460 955.1908 0 
948.9025 955.8085 r0 
953.0618 955.9994 0 
953.0896 956.2707 0 
950.9092 957.6998 r0 
955.3207 958.0121 0 
950.8489 958.0940 r0 
956.4484 958.8103 0 
956.7261 958.9889 0 
956.9429 959.2083 0 
956.3413 959.3576 1 
957.9521 960.2869 0 
956.9032 961.4217 1 
959.7940 961.7631 0 
954.4134 962.0640 r0 
962.2579 964.5804 0 
961.7365 964.7627 0 
963.7900 966.0209 0 
959.4542 966.2321 r0 
964.2691 966.2419 0 
963.8578 966.3671 0 
965.6292 967.5997 0 
964.6702 967.7263 1 
965.7454 967.7791 0 
965.7755 967.9516 0 
966.1348 968.2789 0 
965.5806 968.7476 0 
966.8239 968.8439 0 
967.1507 969.9996 0 
967.9227 970.1574 0 
967.7191 970.6288 0 
971.0253 973.3693 0 
971.5087 973.6497 0 
971.7938 974.0873 0 
971.7310 974.4962 0 
972.8284 974.9567 0 
973.3576 975.6329 0 
973.6363 976.0328 0 
974.0476 976.4643 0 
975.4636 977.4062 0 
975.7748 977.9472 0 
975.6832 978.0486 0 
976.2188 978.6423 0 
976.9300 979.4159 0 
972.6261 979.9164 r0 
972.7042 980.2029 1 
978.0985 980.3995 0 
978.5999 980.5806 0 
978.4888 980.6388 0 
973.0177 980.6491 r0 
978.9125 981.0759 0 
979.5104 982.5969 0 
980.2121 982.6594 0 
981.5339 983.4456 0 
981.9247 984.6970 0 
982.2267 984.8388 0 
982.6584 985.9441 1 
984.0840 986.0911 0 
984.5427 986.7787 0 
984.6722 986.8230 0 
980.4449 987.5484 r0 
986.6202 988.5356 0 
987.2487 989.9800 0 
989.7876 991.7479 0 
989.4521 992.0630 0 
988.2295 992.0832 1 
989.7001 992.3173 0 
988.2123 992.7280 1 
990.6336 992.8503 0 
990.4662 993.0255 0 
991.1453 994.0306 0 
991.0573 994.7724 0 
991.6865 995.2354 0 
993.1928 995.5662 0 
994.1572 996.2168 0 
994.0052 996.3452 0 
994.2837 996.8035 0 
990.7307 997.2270 r0 
994.3469 997.4448 1 
994.4072 997.8110 0 
994.7442 997.9684 0 
994.9285 998.5023 0 
994.7657 998.8461 0 
997.0424 999.7117 0 
996.3949 999.9194 0 
