2.1081 4.2850 0 
2.8787 5.2567 0 
2.7428 5.6059 1 
6.3948 9.5472 1 
9.5106 10.7191 0 
11.2103 13.9453 0 
17.0176 19.1115 0 
19.2196 20.6091 0 
19.7698 21.1535 0 
18.0846 21.2223 1 
16.2347 22.8882 r0 
23.6085 28.4570 1 
27.4586 29.1291 0 
29.2002 30.5647 0 
27.9569 31.5030 1 
29.9088 33.0882 1 
30.0743 33.1980 1 
32.3554 33.7860 0 
33.8394 35.5563 0 
33.6093 35.7841 0 
35.4193 38.1791 0 
34.9436 38.5758 0 
36.4790 39.2926 1 
37.5883 40.4941 0 
37.8827 40.5517 0 
39.9130 42.2607 0 
41.9876 43.9980 0 
42.2541 44.0077 0 
44.6219 47.7099 1 
44.3089 48.1449 1 
42.7050 50.5217 r0 
50.9373 54.3098 1 
51.3841 55.5993 1 
54.4452 57.2589 0 
54.6021 57.7611 1 
55.3775 59.1602 1 
58.6744 61.5167 1 
60.7379 63.0889 0 
59.8682 64.4842 1 
64.1423 67.4041 1 
66.2457 67.6322 0 
66.3194 68.9365 0 
72.2525 73.7227 0 
70.5354 73.7573 1 
74.5992 75.9210 0 
72.9989 76.2890 1 
72.2634 76.9650 1 
76.6218 77.8564 0 
76.5234 79.9441 1 
79.0449 80.9403 0 
79.8597 81.9983 0 
80.3497 82.1536 0 
82.7306 85.7813 1 
84.4245 87.3053 1 
85.1501 88.4704 1 
87.8016 89.4717 0 
89.0071 90.2378 0 
89.4206 90.8751 0 
86.8572 90.8949 1 
89.6256 91.4941 0 
88.7549 91.6958 1 
89.9459 92.2181 0 
92.2377 93.4788 0 
93.7996 96.1596 0 
94.9491 96.6188 0 
94.5356 97.3540 1 
95.0130 97.8283 1 
95.9969 97.8600 0 
97.1093 98.4406 0 
95.0596 98.6724 1 
96.7701 100.3272 1 
98.6157 100.3822 0 
99.0143 100.8056 0 
99.5185 101.6662 0 
100.9833 102.7202 0 
104.5215 106.0277 0 
106.8245 108.6031 0 
106.7589 108.9959 0 
109.8562 111.1174 0 
109.9770 111.5898 0 
110.9065 113.0624 0 
110.0766 113.3974 0 
113.1265 115.4431 0 
111.5215 115.9184 0 
113.4719 117.0962 0 
113.8257 117.1488 0 
110.6011 117.8054 1 
115.7462 118.9501 1 
120.0297 121.7839 0 
120.3296 122.3070 0 
120.8193 124.8009 1 
126.0572 127.4123 0 
124.0474 127.5627 1 
127.4716 131.3847 1 
130.2526 131.6909 0 
129.8324 131.7493 0 
129.5590 132.7764 1 
127.5266 133.1940 1 
131.5130 133.4440 0 
126.6989 134.9004 r0 
129.9790 136.0370 1 
132.5518 136.2903 1 
134.4960 137.8374 1 
136.5103 138.0711 0 
136.4328 138.1751 0 
135.9521 139.7416 1 
141.3292 143.5075 0 
142.2457 143.7675 0 
142.3912 145.0985 0 
144.8742 147.6778 0 
144.5673 147.6976 1 
146.2620 149.2782 0 
147.9247 150.0153 0 
150.1252 152.5974 0 
151.3308 152.7399 0 
152.1152 153.8068 0 
154.2514 155.6806 0 
153.3587 156.3419 1 
154.8019 157.3990 0 
155.5598 158.3865 1 
156.2020 159.1457 1 
157.0684 159.7803 0 
158.1872 160.1634 0 
161.0927 162.3945 0 
159.5003 163.5983 1 
162.8808 164.1490 0 
159.9129 164.3790 1 
160.6549 165.7092 1 
164.4403 166.0721 0 
165.2442 167.1828 0 
165.2549 167.4538 0 
166.3892 168.8407 0 
167.8424 169.4966 0 
169.0051 170.2679 0 
167.2565 170.3815 1 
167.2108 171.5219 1 
170.4557 173.2558 1 
172.5784 174.0717 0 
174.0283 176.5689 0 
174.4828 176.8312 0 
174.9284 178.0114 1 
175.2757 178.5780 0 
178.0298 179.2905 0 
175.7896 180.6218 1 
179.8263 181.4265 0 
181.6523 183.1954 0 
181.9217 184.7668 0 
186.1208 187.7391 0 
189.7549 191.6272 0 
190.9462 192.1719 0 
191.6094 192.9995 0 
192.0808 193.3816 0 
192.7864 194.5959 0 
191.4110 195.7565 1 
194.5291 195.7779 0 
194.5893 196.0506 0 
195.2090 197.7798 0 
193.5939 197.9012 1 
193.9660 198.4611 1 
196.6096 198.5551 0 
197.2052 199.6236 0 
199.3155 200.7837 0 
