3.2326 6.1885 1 
4.9370 6.2513 0 
4.4096 6.4605 0 
5.5238 7.4697 0 
6.1834 8.3053 0 
6.9446 8.9187 0 
8.1021 9.4596 0 
3.5305 10.4698 r0 
9.9784 11.2527 0 
9.8633 11.4188 0 
8.0445 12.0145 1 
11.4429 12.7339 0 
10.5697 12.7911 0 
11.8591 13.1610 0 
12.5617 14.5304 0 
13.2977 14.8256 0 
13.4399 15.7186 0 
11.8218 16.5108 1 
16.0880 17.4048 0 
15.7777 18.8069 0 
10.6432 19.5139 1 
16.7494 20.1289 0 
12.7831 20.5615 1 
19.7842 21.7576 0 
21.0170 22.2945 0 
21.4129 22.8277 0 
22.0875 23.7612 0 
23.8109 25.8094 0 
22.4106 25.9737 1 
23.5639 26.0618 0 
24.3919 26.5131 0 
25.5712 27.6511 0 
25.6904 27.9210 0 
24.8156 29.1044 0 
27.6093 29.2984 0 
28.1345 30.1968 0 
28.2313 31.3918 0 
27.7631 31.4725 1 
29.5141 32.5350 0 
30.3575 32.5925 0 
31.6504 33.8251 0 
30.5450 34.5572 0 
32.8292 34.5967 0 
29.2918 36.7521 r0 
36.1531 37.3850 0 
36.0177 38.1017 0 
37.2524 38.6248 0 
36.3277 39.6985 0 
38.8741 40.1433 0 
38.9190 40.8814 0 
37.1113 42.8101 1 
42.0488 43.4606 0 
42.5160 43.7607 0 
40.5383 44.9975 1 
42.7531 45.8812 1 
44.5615 46.5582 0 
45.4167 46.6881 0 
45.6879 48.5411 1 
49.0190 50.8112 0 
49.4671 53.3573 1 
50.4171 53.8414 1 
51.3353 53.9208 0 
55.2066 56.4917 0 
53.9414 56.8913 1 
55.9128 57.7055 0 
55.5066 58.7186 0 
56.4128 59.0292 0 
56.5978 60.7411 1 
56.9261 61.2014 0 
57.7717 61.2052 0 
57.9225 61.4108 1 
59.1145 61.4942 0 
59.4802 62.5491 0 
60.5039 62.8555 0 
60.2750 63.1034 0 
58.3518 63.6237 1 
61.0176 63.8099 0 
61.1450 64.1740 0 
55.3269 64.8331 r0 
61.5059 64.9060 0 
61.7374 65.4406 0 
63.6570 66.3651 0 
65.5127 66.7623 0 
62.2673 66.9093 1 
63.3819 67.8596 1 
72.6033 73.8812 0 
71.9233 73.9052 0 
72.7569 74.4505 0 
71.5854 74.6369 1 
72.8156 75.3395 0 
72.6790 76.2766 1 
74.3326 76.3203 0 
75.7299 77.8936 0 
76.9623 78.2227 0 
74.0141 78.5838 1 
77.8311 79.1804 0 
79.9470 81.3350 0 
75.5502 82.7773 r0 
81.6462 84.0497 0 
80.7266 84.2804 1 
82.8645 84.6237 0 
83.8259 85.6899 0 
83.5099 87.1006 1 
83.4183 87.1772 1 
88.1081 89.6158 0 
84.0126 90.2302 1 
89.0456 91.0546 0 
88.9419 91.2318 0 
88.3381 92.2685 1 
91.5777 92.9507 0 
86.1479 94.1606 r0 
92.3270 94.3188 0 
92.3031 94.7669 0 
92.8761 94.9797 0 
93.3849 95.5196 0 
93.6722 96.1225 0 
93.7519 96.4231 0 
89.9624 96.9317 r0 
94.3043 97.5859 0 
95.8166 97.7383 0 
94.6018 97.7963 0 
96.4086 99.0128 0 
97.4260 101.3285 1 
99.8393 101.4232 0 
100.6372 101.9351 0 
101.3916 102.9430 0 
100.8722 103.7595 1 
103.1720 104.4831 0 
104.2010 105.7087 0 
105.0608 106.3646 0 
106.6745 108.0267 0 
107.0367 108.5340 0 
105.4692 108.7180 1 
108.1209 109.9705 0 
110.5269 111.8240 0 
111.0108 112.5348 0 
112.2269 113.7719 0 
113.4113 114.6951 0 
113.0667 115.7862 0 
114.1091 115.9687 0 
113.6616 116.6309 0 
114.4697 117.1936 0 
114.2280 117.4801 1 
115.8742 117.5762 0 
116.1124 118.0110 0 
116.0875 120.1531 1 
117.7853 121.0616 0 
120.1469 122.7839 0 
121.7307 123.1083 0 
120.0655 123.2704 1 
122.2893 123.4990 0 
121.9792 124.8316 1 
124.8497 126.2033 0 
124.5459 126.3654 0 
124.8796 126.6625 0 
125.6358 127.6342 0 
123.8935 128.8603 1 
125.6515 128.9379 0 
128.1602 130.0617 0 
129.1348 130.4422 0 
124.4973 130.8655 1 
124.7367 132.0273 1 
130.6891 132.0961 0 
130.9569 132.5832 0 
132.4753 133.7810 0 
131.1096 134.3290 0 
133.0868 134.7057 0 
133.5772 135.4089 0 
134.2568 135.8624 0 
135.7967 137.1615 0 
134.0329 137.4992 1 
136.3064 138.4946 0 
136.4443 138.8124 0 
136.3684 139.6687 0 
138.2080 140.2122 0 
136.4580 140.2146 1 
138.9099 141.0701 0 
139.2247 141.6068 0 
138.5180 141.6885 1 
136.7170 141.8690 0 
140.4351 142.3855 0 
140.9676 144.1987 0 
144.5328 145.9500 0 
143.2817 146.8716 1 
142.4056 148.6320 1 
146.9444 148.7041 0 
146.8365 149.3690 0 
147.2207 149.9439 0 
147.4257 150.8263 0 
148.6676 151.9788 1 
149.1302 152.2952 0 
149.1105 152.3854 1 
148.3903 152.5733 0 
147.8528 153.1849 0 
150.4247 153.7896 0 
149.5471 154.4619 0 
151.5576 155.1308 0 
152.4667 155.2669 0 
147.0149 155.8886 r0 
153.3301 155.9322 0 
155.3785 156.7464 0 
153.2991 156.8521 1 
160.7743 162.3940 0 
160.0922 162.9017 1 
161.1950 162.9502 0 
160.0464 163.1809 1 
162.7097 164.2112 0 
162.0721 164.5486 0 
163.5301 166.0200 0 
162.5161 166.1111 1 
163.6288 166.1850 0 
161.8487 166.4833 1 
164.3160 167.3606 0 
165.2556 168.4497 0 
161.4116 169.8292 r0 
167.5220 170.0224 0 
168.8115 171.0782 0 
163.2168 171.2227 r0 
169.9157 171.7240 0 
170.7049 172.1324 0 
168.5722 172.6696 1 
172.9651 174.7343 0 
173.3284 175.5244 0 
175.1776 176.4216 0 
174.3659 177.4945 1 
175.0821 178.0665 1 
175.7772 178.5630 0 
175.3209 180.3698 1 
179.3733 180.7631 0 
179.9160 181.2886 0 
178.6796 181.6798 1 
181.7111 183.1187 0 
181.7169 183.4444 0 
183.9433 185.7312 0 
183.3186 186.3836 1 
180.0162 186.8871 r0 
185.7242 187.2160 0 
186.2816 188.3454 0 
186.0363 188.5841 0 
186.8450 189.8199 0 
184.8842 189.8506 1 
184.1277 190.3821 1 
191.2615 192.8520 0 
186.9265 193.4576 1 
185.9595 193.6911 1 
192.4139 194.5644 0 
193.2406 195.2437 0 
193.8802 195.7110 0 
191.1861 196.3596 1 
194.8371 196.5691 0 
189.9737 197.1476 r0 
194.9829 197.2217 0 
195.8180 197.3786 0 
194.8957 199.2569 1 
