3.2326
0.2979
0.8791
0.5274
0.5868
0.6596
0.7612
1.0999
0.0576
1.7612
0.1151
0.5913
0.0735
0.7997
0.3789
0.0373
0.7026
0.2214
0.5146
0.1422
2.3378
0.3103
0.6614
3.0348
1.2328
0.3959
0.6746
0.3231
1.1533
0.2470
0.5810
0.4237
0.7556
0.1192
1.9189
0.1538
0.3714
0.0968
1.0605
0.2223
0.8434
0.1875
1.1054
1.1788
3.1885
0.1354
0.1746
0.7836
0.1411
1.6217
0.0449
1.6193
1.5105
0.4672
0.2371
1.8084
0.8552
0.2712
3.3311
0.4481
0.9500
0.9182
2.6061
1.2652
0.1203
0.1797
0.4062
0.5000
0.1850
0.3283
0.8456
0.1508
0.4293
0.7627
0.3657
0.7948
0.2289
0.5137
0.1274
0.3609
0.2315
0.5299
1.1146
0.2751
1.8557
6.0727
0.3379
0.6800
0.0757
0.0779
0.0587
1.1985
0.3185
1.2176
0.1797
1.2324
0.8688
2.1159
0.7796
0.9196
1.2183
0.5538
0.0916
0.3160
0.1867
2.1353
1.9602
0.2300
0.6038
0.1037
0.9168
1.6153
0.7254
0.0239
0.5491
0.5088
0.2873
0.0797
0.5524
0.2975
1.2148
0.5920
1.0174
2.4133
0.7979
0.2350
0.5194
1.7804
1.0290
0.8598
0.4084
1.2053
0.3622
1.0842
2.4060
0.4839
1.2161
0.8398
0.3446
0.2503
0.4475
0.1189
0.2417
1.4045
0.2133
0.0249
1.6729
2.2802
0.0814
1.5838
0.2485
0.3101
1.6042
0.6038
0.0486
0.1908
0.1130
0.0299
0.7562
0.0157
2.5087
0.9746
1.5543
0.2678
0.1527
1.3657
0.6115
0.4904
0.4557
0.2239
1.5399
0.5097
0.0620
0.0759
0.0137
0.2590
1.4910
0.3100
0.3919
0.3148
1.2104
0.5325
1.4380
0.8761
1.2511
2.3037
0.1079
0.0705
0.2058
0.2050
0.4271
0.5375
0.2773
0.4429
0.0197
0.4169
0.8776
1.1329
0.9091
0.8324
0.0310
2.0484
4.6679
0.0458
0.6821
0.4207
0.2166
0.4371
0.2234
0.4440
0.1936
0.5071
0.3133
0.0987
0.6872
0.9396
2.2664
1.0502
0.2393
1.1042
0.7892
2.2602
0.3633
1.0375
0.7162
0.0955
0.1433
0.4563
2.9024
0.6937
0.5427
0.1002
1.6949
0.0058
1.6017
0.6247
0.1844
0.7565
0.8400
0.2353
0.0768
0.2453
0.5634
0.0815
3.0472
1.2124
0.0754
1.1524
0.8267
0.6396
0.9569
0.0586
0.0872
0.8351
