2.9559 1
3.5393 0
2.0509 0
1.3143 0
1.2184 0
1.8448 0
1.9741 0
3.9700 1
1.3575 0
1.5555 0
1.2743 0
2.2214 0
8.8707 1
1.2910 0
4.4963 1
1.3019 0
1.7965 0
4.0507 1
1.5279 0
2.2787 0
3.0292 0
1.3168 0
3.3795 0
1.9734 0
1.2775 0
1.4148 0
1.6737 0
3.5631 1
2.4979 0
1.9985 0
2.1212 0
3.2950 0
1.5893 0
1.4079 0
1.6473 0
3.7094 1
2.0623 0
2.2874 0
4.0537 0
2.3382 0
1.2007 0
2.0222 0
1.2326 0
1.7675 0
2.0840 0
1.2319 0
3.3708 0
5.6988 1
1.2398 0
1.2692 0
1.9624 0
4.4592 1
1.4118 0
1.2447 0
3.0711 1
1.9967 0
1.2714 0
2.8532 1
1.7922 0
3.8902 1
3.4243 1
2.5855 0
2.9499 1
1.2851 0
3.4223 0
3.2120 0
1.2138 0
1.3237 0
4.1433 1
2.4828 0
2.4783 0
3.4883 1
2.8826 1
2.3797 0
1.3477 0
1.8982 0
1.3613 0
1.2608 0
1.3185 0
1.8026 0
1.6307 0
3.2856 1
3.0265 1
2.1911 0
1.2496 0
3.0515 1
1.9819 0
1.2779 0
3.5976 1
1.6936 0
1.4583 0
3.9469 1
1.9877 0
3.8271 0
2.1637 0
1.2604 0
1.2868 0
1.3880 0
3.5538 1
2.4035 0
1.7592 0
3.7589 1
2.8202 1
1.8640 0
3.1296 1
3.9304 0
1.5077 0
3.9304 1
2.2899 0
1.5067 0
3.5693 0
1.3730 0
2.4638 0
1.3681 0
1.6173 0
1.2008 0
1.3556 0
1.4434 0
2.0663 0
1.6738 0
1.3152 0
1.4269 0
3.9025 1
1.5839 0
1.2979 0
2.8873 1
1.5514 0
1.3111 0
1.5077 0
1.3038 0
3.2488 1
1.3522 0
1.4973 0
1.8496 0
1.2971 0
1.5240 0
1.5450 0
2.7195 0
1.2838 0
2.8590 0
1.2736 0
3.2521 1
1.4074 0
1.6075 0
4.0656 1
1.3801 0
3.2763 0
3.2049 1
2.6370 0
1.3776 0
2.8524 1
1.2097 0
4.9668 1
6.0339 1
1.8195 0
3.1670 1
1.3536 0
1.7829 0
1.4309 0
2.5725 0
1.9015 0
1.3074 0
1.4070 0
1.6263 0
3.2194 0
1.3057 0
1.6189 0
1.6279 0
3.4663 1
1.5334 0
1.3648 0
2.1882 0
3.3003 0
1.6509 0
3.7566 1
3.3744 0
1.3998 0
3.1705 1
1.4014 0
1.3946 0
1.3154 0
2.5919 0
6.2264 1
3.5899 1
1.4172 0
2.5325 0
1.7597 0
3.9098 0
1.2398 0
1.4573 0
3.2410 0
2.1584 0
3.3112 1
3.2749 1
1.4689 0
2.1667 0
1.2163 0
1.9459 0
1.4773 0
3.5530 1
1.4703 0
1.3679 0
3.1345 1
2.8095 1
1.6197 0
1.7552 0
3.7181 0
3.5816 1
2.1546 0
2.9302 1
1.2610 0
3.6115 0
1.4714 0
1.3734 0
1.3406 0
2.2647 0
2.5004 0
2.8404 1
2.2667 0
1.8083 0
1.4275 0
1.7692 0
2.1960 0
3.1286 1
2.9844 1
1.2440 0
2.8753 1
2.7858 0
3.0002 1
1.3898 0
1.3726 0
3.4709 0
1.4076 0
1.7275 0
3.0650 1
1.7879 0
3.9985 1
2.9635 1
1.4918 0
3.8405 1
2.5478 0
2.0638 0
2.6039 0
3.0755 1
3.4565 0
2.9020 1
1.5905 0
2.1505 0
2.0031 0
1.8308 0
1.7320 0
2.8973 1
1.9780 0
1.5606 0
